### Raw data #######################################
#   nrec = 10001                                   #
#   delta_t = 0.1000000                            #
### Sampling for ensemble average ##################
#   ista = 2000                                    #
#   nperiod = 500                                  #
#   nshift = 1                                     #
#   nsample= (nrec-ista-nperiod)/nshift+1 = 7502   #
####################################################
#       [1]t       [2]Re[<u(t)u*>]  [3]Im[<u(t)u*>]  [4]Re[<f(t)u*>]  [5]Im[<f(t)u*>] [6]Re[<u(t)du*/dt>] [7]Im[<u(t)du*/dt>] [8]Re[<f(t)du*/dt>] [9]Im[<f(t)du*/dt>] 
    0.000000        0.2532384E-002   0.1880379E-020  -0.9227825E-006   0.6523812E-005   0.5464614E-006  -0.8738162E-005   0.1360532E-004  -0.1673751E-006
   0.1000000        0.2532371E-002   0.8737983E-006  -0.2268776E-005   0.6541500E-005   0.1911653E-005  -0.8737594E-005   0.1360195E-004  -0.1559764E-006
   0.2000000        0.2532224E-002   0.1747434E-005  -0.3613858E-005   0.6557350E-005   0.3275407E-005  -0.8735890E-005   0.1358453E-004  -0.1445326E-006
   0.3000000        0.2531941E-002   0.2620717E-005  -0.4956661E-005   0.6571367E-005   0.4636317E-005  -0.8733043E-005   0.1355322E-004  -0.1329988E-006
   0.4000000        0.2531524E-002   0.3493460E-005  -0.6295833E-005   0.6583562E-005   0.5992999E-005  -0.8729042E-005   0.1350827E-004  -0.1213327E-006
   0.5000000        0.2530972E-002   0.4365477E-005  -0.7630045E-005   0.6593949E-005   0.7344108E-005  -0.8723873E-005   0.1345003E-004  -0.1094962E-006
   0.6000000        0.2530288E-002   0.5236585E-005  -0.8958009E-005   0.6602549E-005   0.8688344E-005  -0.8717518E-005   0.1337900E-004  -0.9745577E-007
   0.7000000        0.2529471E-002   0.6106601E-005  -0.1027848E-004   0.6609383E-005   0.1002446E-004  -0.8709956E-005   0.1329575E-004  -0.8518412E-007
   0.8000000        0.2528522E-002   0.6975348E-005  -0.1159028E-004   0.6614476E-005   0.1135129E-004  -0.8701163E-005   0.1320093E-004  -0.7266058E-007
   0.9000000        0.2527442E-002   0.7842652E-005  -0.1289229E-004   0.6617855E-005   0.1266773E-004  -0.8691115E-005   0.1309528E-004  -0.5987210E-007
    1.000000        0.2526232E-002   0.8708340E-005  -0.1418347E-004   0.6619548E-005   0.1397274E-004  -0.8679787E-005   0.1297960E-004  -0.4681383E-007
    1.100000        0.2524894E-002   0.9572245E-005  -0.1546284E-004   0.6619585E-005   0.1526540E-004  -0.8667154E-005   0.1285470E-004  -0.3348964E-007
    1.200000        0.2523429E-002   0.1043420E-004  -0.1672952E-004   0.6617998E-005   0.1654486E-004  -0.8653190E-005   0.1272146E-004  -0.1991241E-007
    1.300000        0.2521837E-002   0.1129405E-004  -0.1798272E-004   0.6614821E-005   0.1781034E-004  -0.8637874E-005   0.1258074E-004  -0.6104218E-008
    1.400000        0.2520121E-002   0.1215163E-004  -0.1922172E-004   0.6610088E-005   0.1906118E-004  -0.8621187E-005   0.1243342E-004   0.7903689E-008
    1.500000        0.2518282E-002   0.1300679E-004  -0.2044590E-004   0.6603837E-005   0.2029679E-004  -0.8603112E-005   0.1228038E-004   0.2207112E-007
    1.600000        0.2516321E-002   0.1385938E-004  -0.2165471E-004   0.6596112E-005   0.2151667E-004  -0.8583640E-005   0.1212245E-004   0.3634934E-007
    1.700000        0.2514241E-002   0.1470925E-004  -0.2284771E-004   0.6586955E-005   0.2272042E-004  -0.8562764E-005   0.1196045E-004   0.5068161E-007
    1.800000        0.2512042E-002   0.1555628E-004  -0.2402450E-004   0.6576417E-005   0.2390769E-004  -0.8540486E-005   0.1179517E-004   0.6500393E-007
    1.900000        0.2509726E-002   0.1640031E-004  -0.2518479E-004   0.6564551E-005   0.2507822E-004  -0.8516811E-005   0.1162733E-004   0.7924591E-007
    2.000000        0.2507295E-002   0.1724124E-004  -0.2632834E-004   0.6551416E-005   0.2623184E-004  -0.8491757E-005   0.1145762E-004   0.9333173E-007
    2.100000        0.2504751E-002   0.1807892E-004  -0.2745499E-004   0.6537076E-005   0.2736840E-004  -0.8465343E-005   0.1128667E-004   0.1071813E-006
    2.200000        0.2502095E-002   0.1891326E-004  -0.2856463E-004   0.6521601E-005   0.2848786E-004  -0.8437602E-005   0.1111506E-004   0.1207112E-006
    2.300000        0.2499330E-002   0.1974414E-004  -0.2965720E-004   0.6505064E-005   0.2959020E-004  -0.8408573E-005   0.1094332E-004   0.1338362E-006
    2.400000        0.2496456E-002   0.2057146E-004  -0.3073271E-004   0.6487545E-005   0.3067546E-004  -0.8378301E-005   0.1077190E-004   0.1464703E-006
    2.500000        0.2493475E-002   0.2139513E-004  -0.3179118E-004   0.6469128E-005   0.3174372E-004  -0.8346843E-005   0.1060123E-004   0.1585281E-006
    2.600000        0.2490390E-002   0.2221507E-004  -0.3283268E-004   0.6449900E-005   0.3279510E-004  -0.8314261E-005   0.1043165E-004   0.1699256E-006
    2.700000        0.2487202E-002   0.2303121E-004  -0.3385732E-004   0.6429952E-005   0.3382974E-004  -0.8280628E-005   0.1026347E-004   0.1805823E-006
    2.800000        0.2483912E-002   0.2384347E-004  -0.3486523E-004   0.6409375E-005   0.3484783E-004  -0.8246022E-005   0.1009695E-004   0.1904214E-006
    2.900000        0.2480522E-002   0.2465181E-004  -0.3585654E-004   0.6388264E-005   0.3584955E-004  -0.8210528E-005   0.9932292E-005   0.1993715E-006
    3.000000        0.2477035E-002   0.2545619E-004  -0.3683143E-004   0.6366713E-005   0.3683513E-004  -0.8174237E-005   0.9769660E-005   0.2073676E-006
    3.100000        0.2473450E-002   0.2625655E-004  -0.3779007E-004   0.6344819E-005   0.3780478E-004  -0.8137248E-005   0.9609179E-005   0.2143518E-006
    3.200000        0.2469771E-002   0.2705288E-004  -0.3873264E-004   0.6322676E-005   0.3875874E-004  -0.8099661E-005   0.9450936E-005   0.2202744E-006
    3.300000        0.2465998E-002   0.2784516E-004  -0.3965933E-004   0.6300380E-005   0.3969725E-004  -0.8061582E-005   0.9294985E-005   0.2250947E-006
    3.400000        0.2462133E-002   0.2863337E-004  -0.4057034E-004   0.6278029E-005   0.4062056E-004  -0.8023120E-005   0.9141349E-005   0.2287817E-006
    3.500000        0.2458178E-002   0.2941753E-004  -0.4146587E-004   0.6255722E-005   0.4152890E-004  -0.7984385E-005   0.8990028E-005   0.2313146E-006
    3.600000        0.2454135E-002   0.3019764E-004  -0.4234611E-004   0.6233559E-005   0.4242251E-004  -0.7945487E-005   0.8840995E-005   0.2326833E-006
    3.700000        0.2450004E-002   0.3097372E-004  -0.4321127E-004   0.6211647E-005   0.4330162E-004  -0.7906538E-005   0.8694209E-005   0.2328887E-006
    3.800000        0.2445787E-002   0.3174580E-004  -0.4406157E-004   0.6190098E-005   0.4416648E-004  -0.7867646E-005   0.8549610E-005   0.2319430E-006
    3.900000        0.2441486E-002   0.3251393E-004  -0.4489721E-004   0.6169026E-005   0.4501728E-004  -0.7828918E-005   0.8407125E-005   0.2298694E-006
    4.000000        0.2437101E-002   0.3327816E-004  -0.4571842E-004   0.6148554E-005   0.4585424E-004  -0.7790458E-005   0.8266674E-005   0.2267023E-006
    4.100000        0.2432636E-002   0.3403855E-004  -0.4652540E-004   0.6128808E-005   0.4667757E-004  -0.7752364E-005   0.8128167E-005   0.2224863E-006
    4.200000        0.2428090E-002   0.3479519E-004  -0.4731840E-004   0.6109917E-005   0.4748745E-004  -0.7714729E-005   0.7991512E-005   0.2172763E-006
    4.300000        0.2423465E-002   0.3554816E-004  -0.4809762E-004   0.6092010E-005   0.4828406E-004  -0.7677640E-005   0.7856613E-005   0.2111356E-006
    4.400000        0.2418763E-002   0.3629756E-004  -0.4886329E-004   0.6075216E-005   0.4906757E-004  -0.7641176E-005   0.7723374E-005   0.2041360E-006
    4.500000        0.2413984E-002   0.3704351E-004  -0.4961563E-004   0.6059655E-005   0.4983814E-004  -0.7605410E-005   0.7591701E-005   0.1963555E-006
    4.600000        0.2409131E-002   0.3778614E-004  -0.5035487E-004   0.6045442E-005   0.5059592E-004  -0.7570404E-005   0.7461501E-005   0.1878775E-006
    4.700000        0.2404204E-002   0.3852557E-004  -0.5108119E-004   0.6032676E-005   0.5134104E-004  -0.7536214E-005   0.7332689E-005   0.1787894E-006
    4.800000        0.2399205E-002   0.3926196E-004  -0.5179481E-004   0.6021445E-005   0.5207364E-004  -0.7502885E-005   0.7205179E-005   0.1691809E-006
    4.900000        0.2394134E-002   0.3999544E-004  -0.5249591E-004   0.6011816E-005   0.5279384E-004  -0.7470455E-005   0.7078896E-005   0.1591426E-006
    5.000000        0.2388994E-002   0.4072619E-004  -0.5318465E-004   0.6003841E-005   0.5350174E-004  -0.7438952E-005   0.6953766E-005   0.1487648E-006
    5.100000        0.2383785E-002   0.4145434E-004  -0.5386119E-004   0.5997552E-005   0.5419745E-004  -0.7408396E-005   0.6829725E-005   0.1381361E-006
    5.200000        0.2378509E-002   0.4218007E-004  -0.5452568E-004   0.5992963E-005   0.5488107E-004  -0.7378797E-005   0.6706713E-005   0.1273422E-006
    5.300000        0.2373166E-002   0.4290353E-004  -0.5517823E-004   0.5990068E-005   0.5555269E-004  -0.7350159E-005   0.6584677E-005   0.1164647E-006
    5.400000        0.2367757E-002   0.4362487E-004  -0.5581896E-004   0.5988845E-005   0.5621240E-004  -0.7322479E-005   0.6463568E-005   0.1055804E-006
    5.500000        0.2362285E-002   0.4434425E-004  -0.5644797E-004   0.5989258E-005   0.5686027E-004  -0.7295746E-005   0.6343347E-005   0.9476010E-007
    5.600000        0.2356750E-002   0.4506182E-004  -0.5706535E-004   0.5991253E-005   0.5749639E-004  -0.7269942E-005   0.6223975E-005   0.8406777E-007
    5.700000        0.2351153E-002   0.4577771E-004  -0.5767116E-004   0.5994767E-005   0.5812082E-004  -0.7245047E-005   0.6105422E-005   0.7356010E-007
    5.800000        0.2345496E-002   0.4649206E-004  -0.5826548E-004   0.5999725E-005   0.5873363E-004  -0.7221033E-005   0.5987661E-005   0.6328573E-007
    5.900000        0.2339779E-002   0.4720499E-004  -0.5884835E-004   0.6006040E-005   0.5933488E-004  -0.7197871E-005   0.5870670E-005   0.5328477E-007
    6.000000        0.2334004E-002   0.4791662E-004  -0.5941983E-004   0.6013621E-005   0.5992465E-004  -0.7175528E-005   0.5754429E-005   0.4358845E-007
    6.100000        0.2328171E-002   0.4862704E-004  -0.5997997E-004   0.6022368E-005   0.6050300E-004  -0.7153969E-005   0.5638922E-005   0.3421878E-007
    6.200000        0.2322282E-002   0.4933636E-004  -0.6052880E-004   0.6032177E-005   0.6106997E-004  -0.7133160E-005   0.5524136E-005   0.2518847E-007
    6.300000        0.2316339E-002   0.5004465E-004  -0.6106635E-004   0.6042940E-005   0.6162563E-004  -0.7113065E-005   0.5410060E-005   0.1650092E-007
    6.400000        0.2310341E-002   0.5075199E-004  -0.6159267E-004   0.6054547E-005   0.6217003E-004  -0.7093651E-005   0.5296684E-005   0.8150280E-008
    6.500000        0.2304290E-002   0.5145844E-004  -0.6210777E-004   0.6066888E-005   0.6270323E-004  -0.7074884E-005   0.5184000E-005   0.1218296E-009
    6.600000        0.2298188E-002   0.5216404E-004  -0.6261170E-004   0.6079852E-005   0.6322529E-004  -0.7056736E-005   0.5072001E-005  -0.7607670E-008
    6.700000        0.2292036E-002   0.5286885E-004  -0.6310447E-004   0.6093332E-005   0.6373625E-004  -0.7039180E-005   0.4960680E-005  -0.1506938E-007
    6.800000        0.2285833E-002   0.5357289E-004  -0.6358613E-004   0.6107223E-005   0.6423616E-004  -0.7022195E-005   0.4850030E-005  -0.2230167E-007
    6.900000        0.2279583E-002   0.5427617E-004  -0.6405669E-004   0.6121428E-005   0.6472509E-004  -0.7005764E-005   0.4740044E-005  -0.2934932E-007
    7.000000        0.2273285E-002   0.5497871E-004  -0.6451620E-004   0.6135853E-005   0.6520307E-004  -0.6989875E-005   0.4630718E-005  -0.3626252E-007
    7.100000        0.2266941E-002   0.5568052E-004  -0.6496469E-004   0.6150417E-005   0.6567016E-004  -0.6974522E-005   0.4522043E-005  -0.4309592E-007
    7.200000        0.2260552E-002   0.5638158E-004  -0.6540219E-004   0.6165045E-005   0.6612641E-004  -0.6959707E-005   0.4414015E-005  -0.4990744E-007
    7.300000        0.2254119E-002   0.5708190E-004  -0.6582874E-004   0.6179676E-005   0.6657187E-004  -0.6945436E-005   0.4306625E-005  -0.5675719E-007
    7.400000        0.2247643E-002   0.5778145E-004  -0.6624438E-004   0.6194262E-005   0.6700658E-004  -0.6931722E-005   0.4199869E-005  -0.6370626E-007
    7.500000        0.2241125E-002   0.5848022E-004  -0.6664915E-004   0.6208767E-005   0.6743059E-004  -0.6918584E-005   0.4093739E-005  -0.7081560E-007
    7.600000        0.2234567E-002   0.5917820E-004  -0.6704310E-004   0.6223174E-005   0.6784395E-004  -0.6906050E-005   0.3988230E-005  -0.7814486E-007
    7.700000        0.2227969E-002   0.5987535E-004  -0.6742627E-004   0.6237477E-005   0.6824670E-004  -0.6894150E-005   0.3883338E-005  -0.8575136E-007
    7.800000        0.2221333E-002   0.6057167E-004  -0.6779871E-004   0.6251691E-005   0.6863890E-004  -0.6882922E-005   0.3779057E-005  -0.9368910E-007
    7.900000        0.2214659E-002   0.6126714E-004  -0.6816047E-004   0.6265845E-005   0.6902059E-004  -0.6872410E-005   0.3675385E-005  -0.1020079E-006
    8.000000        0.2207949E-002   0.6196176E-004  -0.6851162E-004   0.6279985E-005   0.6939181E-004  -0.6862660E-005   0.3572319E-005  -0.1107524E-006
    8.100000        0.2201204E-002   0.6265552E-004  -0.6885220E-004   0.6294170E-005   0.6975261E-004  -0.6853724E-005   0.3469859E-005  -0.1199620E-006
    8.200000        0.2194424E-002   0.6334842E-004  -0.6918227E-004   0.6308475E-005   0.7010305E-004  -0.6845657E-005   0.3368007E-005  -0.1296697E-006
    8.300000        0.2187611E-002   0.6404049E-004  -0.6950191E-004   0.6322988E-005   0.7044316E-004  -0.6838518E-005   0.3266765E-005  -0.1399018E-006
    8.400000        0.2180767E-002   0.6473174E-004  -0.6981118E-004   0.6337806E-005   0.7077301E-004  -0.6832366E-005   0.3166139E-005  -0.1506782E-006
    8.500000        0.2173891E-002   0.6542222E-004  -0.7011015E-004   0.6353034E-005   0.7109263E-004  -0.6827264E-005   0.3066136E-005  -0.1620115E-006
    8.600000        0.2166985E-002   0.6611198E-004  -0.7039891E-004   0.6368786E-005   0.7140208E-004  -0.6823273E-005   0.2966766E-005  -0.1739076E-006
    8.700000        0.2160050E-002   0.6680106E-004  -0.7067752E-004   0.6385178E-005   0.7170142E-004  -0.6820455E-005   0.2868044E-005  -0.1863651E-006
    8.800000        0.2153088E-002   0.6748956E-004  -0.7094609E-004   0.6402328E-005   0.7199070E-004  -0.6818873E-005   0.2769985E-005  -0.1993763E-006
    8.900000        0.2146099E-002   0.6817755E-004  -0.7120470E-004   0.6420357E-005   0.7226998E-004  -0.6818586E-005   0.2672609E-005  -0.2129265E-006
    9.000000        0.2139083E-002   0.6886514E-004  -0.7145344E-004   0.6439381E-005   0.7253931E-004  -0.6819652E-005   0.2575940E-005  -0.2269950E-006
    9.100000        0.2132043E-002   0.6955243E-004  -0.7169242E-004   0.6459516E-005   0.7279877E-004  -0.6822129E-005   0.2480006E-005  -0.2415551E-006
    9.200000        0.2124979E-002   0.7023955E-004  -0.7192175E-004   0.6480871E-005   0.7304843E-004  -0.6826067E-005   0.2384838E-005  -0.2565748E-006
    9.300000        0.2117893E-002   0.7092663E-004  -0.7214154E-004   0.6503552E-005   0.7328835E-004  -0.6831517E-005   0.2290473E-005  -0.2720168E-006
    9.400000        0.2110784E-002   0.7161382E-004  -0.7235189E-004   0.6527659E-005   0.7351861E-004  -0.6838523E-005   0.2196951E-005  -0.2878396E-006
    9.500000        0.2103654E-002   0.7230127E-004  -0.7255293E-004   0.6553286E-005   0.7373929E-004  -0.6847127E-005   0.2104318E-005  -0.3039977E-006
    9.600000        0.2096505E-002   0.7298916E-004  -0.7274478E-004   0.6580518E-005   0.7395048E-004  -0.6857364E-005   0.2012623E-005  -0.3204419E-006
    9.700000        0.2089337E-002   0.7367765E-004  -0.7292757E-004   0.6609437E-005   0.7415228E-004  -0.6869264E-005   0.1921921E-005  -0.3371208E-006
    9.800000        0.2082150E-002   0.7436692E-004  -0.7310143E-004   0.6640117E-005   0.7434477E-004  -0.6882855E-005   0.1832270E-005  -0.3539803E-006
    9.900000        0.2074946E-002   0.7505717E-004  -0.7326649E-004   0.6672625E-005   0.7452807E-004  -0.6898156E-005   0.1743730E-005  -0.3709651E-006
    10.00000        0.2067726E-002   0.7574859E-004  -0.7342289E-004   0.6707022E-005   0.7470230E-004  -0.6915182E-005   0.1656366E-005  -0.3880188E-006
    10.10000        0.2060491E-002   0.7644139E-004  -0.7357078E-004   0.6743364E-005   0.7486756E-004  -0.6933943E-005   0.1570244E-005  -0.4050849E-006
    10.20000        0.2053241E-002   0.7713577E-004  -0.7371031E-004   0.6781701E-005   0.7502398E-004  -0.6954443E-005   0.1485431E-005  -0.4221071E-006
    10.30000        0.2045978E-002   0.7783195E-004  -0.7384164E-004   0.6822075E-005   0.7517170E-004  -0.6976680E-005   0.1401994E-005  -0.4390301E-006
    10.40000        0.2038702E-002   0.7853014E-004  -0.7396493E-004   0.6864525E-005   0.7531086E-004  -0.7000649E-005   0.1320001E-005  -0.4558002E-006
    10.50000        0.2031414E-002   0.7923056E-004  -0.7408036E-004   0.6909080E-005   0.7544161E-004  -0.7026338E-005   0.1239515E-005  -0.4723658E-006
    10.60000        0.2024115E-002   0.7993345E-004  -0.7418811E-004   0.6955766E-005   0.7556410E-004  -0.7053731E-005   0.1160598E-005  -0.4886781E-006
    10.70000        0.2016805E-002   0.8063902E-004  -0.7428836E-004   0.7004601E-005   0.7567849E-004  -0.7082808E-005   0.1083309E-005  -0.5046915E-006
    10.80000        0.2009486E-002   0.8134752E-004  -0.7438130E-004   0.7055594E-005   0.7578495E-004  -0.7113543E-005   0.1007699E-005  -0.5203643E-006
    10.90000        0.2002158E-002   0.8205916E-004  -0.7446714E-004   0.7108750E-005   0.7588364E-004  -0.7145910E-005   0.9338151E-006  -0.5356590E-006
    11.00000        0.1994822E-002   0.8277418E-004  -0.7454607E-004   0.7164062E-005   0.7597475E-004  -0.7179876E-005   0.8616981E-006  -0.5505428E-006
    11.10000        0.1987479E-002   0.8349281E-004  -0.7461831E-004   0.7221517E-005   0.7605845E-004  -0.7215407E-005   0.7913810E-006  -0.5649880E-006
    11.20000        0.1980129E-002   0.8421527E-004  -0.7468404E-004   0.7281093E-005   0.7613493E-004  -0.7252468E-005   0.7228896E-006  -0.5789720E-006
    11.30000        0.1972772E-002   0.8494181E-004  -0.7474348E-004   0.7342759E-005   0.7620437E-004  -0.7291019E-005   0.6562420E-006  -0.5924779E-006
    11.40000        0.1965411E-002   0.8567263E-004  -0.7479682E-004   0.7406476E-005   0.7626695E-004  -0.7331023E-005   0.5914486E-006  -0.6054942E-006
    11.50000        0.1958045E-002   0.8640796E-004  -0.7484425E-004   0.7472198E-005   0.7632287E-004  -0.7372438E-005   0.5285124E-006  -0.6180150E-006
    11.60000        0.1950675E-002   0.8714802E-004  -0.7488596E-004   0.7539869E-005   0.7637232E-004  -0.7415225E-005   0.4674289E-006  -0.6300397E-006
    11.70000        0.1943301E-002   0.8789302E-004  -0.7492213E-004   0.7609428E-005   0.7641547E-004  -0.7459344E-005   0.4081870E-006  -0.6415728E-006
    11.80000        0.1935924E-002   0.8864316E-004  -0.7495291E-004   0.7680809E-005   0.7645252E-004  -0.7504755E-005   0.3507693E-006  -0.6526237E-006
    11.90000        0.1928545E-002   0.8939865E-004  -0.7497848E-004   0.7753938E-005   0.7648364E-004  -0.7551421E-005   0.2951527E-006  -0.6632062E-006
    12.00000        0.1921164E-002   0.9015966E-004  -0.7499898E-004   0.7828738E-005   0.7650903E-004  -0.7599305E-005   0.2413094E-006  -0.6733381E-006
    12.10000        0.1913782E-002   0.9092640E-004  -0.7501456E-004   0.7905129E-005   0.7652885E-004  -0.7648373E-005   0.1892075E-006  -0.6830408E-006
    12.20000        0.1906399E-002   0.9169903E-004  -0.7502536E-004   0.7983027E-005   0.7654328E-004  -0.7698592E-005   0.1388117E-006  -0.6923388E-006
    12.30000        0.1899016E-002   0.9247773E-004  -0.7503149E-004   0.8062347E-005   0.7655249E-004  -0.7749932E-005   0.9008422E-007  -0.7012596E-006
    12.40000        0.1891633E-002   0.9326265E-004  -0.7503309E-004   0.8143003E-005   0.7655666E-004  -0.7802365E-005   0.4298558E-007  -0.7098329E-006
    12.50000        0.1884250E-002   0.9405396E-004  -0.7503028E-004   0.8224908E-005   0.7655593E-004  -0.7855866E-005  -0.2524752E-008  -0.7180905E-006
    12.60000        0.1876869E-002   0.9485178E-004  -0.7502316E-004   0.8307976E-005   0.7655049E-004  -0.7910414E-005  -0.4648769E-007  -0.7260658E-006
    12.70000        0.1869489E-002   0.9565627E-004  -0.7501186E-004   0.8392124E-005   0.7654047E-004  -0.7965990E-005  -0.8894392E-007  -0.7337934E-006
    12.80000        0.1862111E-002   0.9646755E-004  -0.7499647E-004   0.8477271E-005   0.7652603E-004  -0.8022577E-005  -0.1299334E-006  -0.7413090E-006
    12.90000        0.1854736E-002   0.9728574E-004  -0.7497710E-004   0.8563340E-005   0.7650732E-004  -0.8080163E-005  -0.1694949E-006  -0.7486486E-006
    13.00000        0.1847363E-002   0.9811095E-004  -0.7495386E-004   0.8650259E-005   0.7648448E-004  -0.8138738E-005  -0.2076659E-006  -0.7558482E-006
    13.10000        0.1839994E-002   0.9894330E-004  -0.7492685E-004   0.8737962E-005   0.7645766E-004  -0.8198295E-005  -0.2444821E-006  -0.7629433E-006
    13.20000        0.1832628E-002   0.9978288E-004  -0.7489618E-004   0.8826389E-005   0.7642700E-004  -0.8258830E-005  -0.2799773E-006  -0.7699682E-006
    13.30000        0.1825266E-002   0.1006298E-003  -0.7486195E-004   0.8915487E-005   0.7639262E-004  -0.8320341E-005  -0.3141839E-006  -0.7769552E-006
    13.40000        0.1817909E-002   0.1014841E-003  -0.7482426E-004   0.9005211E-005   0.7635467E-004  -0.8382830E-005  -0.3471323E-006  -0.7839345E-006
    13.50000        0.1810556E-002   0.1023460E-003  -0.7478323E-004   0.9095521E-005   0.7631326E-004  -0.8446301E-005  -0.3788513E-006  -0.7909326E-006
    13.60000        0.1803209E-002   0.1032154E-003  -0.7473896E-004   0.9186386E-005   0.7626853E-004  -0.8510756E-005  -0.4093684E-006  -0.7979725E-006
    13.70000        0.1795867E-002   0.1040926E-003  -0.7469156E-004   0.9277780E-005   0.7622060E-004  -0.8576204E-005  -0.4387101E-006  -0.8050725E-006
    13.80000        0.1788531E-002   0.1049774E-003  -0.7464116E-004   0.9369682E-005   0.7616960E-004  -0.8642650E-005  -0.4669019E-006  -0.8122458E-006
    13.90000        0.1781200E-002   0.1058701E-003  -0.7458786E-004   0.9462075E-005   0.7611563E-004  -0.8710103E-005  -0.4939689E-006  -0.8195000E-006
    14.00000        0.1773877E-002   0.1067708E-003  -0.7453181E-004   0.9554948E-005   0.7605883E-004  -0.8778569E-005  -0.5199360E-006  -0.8268365E-006
    14.10000        0.1766559E-002   0.1076794E-003  -0.7447311E-004   0.9648286E-005   0.7599929E-004  -0.8848054E-005  -0.5448280E-006  -0.8342506E-006
    14.20000        0.1759249E-002   0.1085960E-003  -0.7441189E-004   0.9742077E-005   0.7593715E-004  -0.8918562E-005  -0.5686704E-006  -0.8417312E-006
    14.30000        0.1751946E-002   0.1095208E-003  -0.7434829E-004   0.9836308E-005   0.7587250E-004  -0.8990097E-005  -0.5914890E-006  -0.8492608E-006
    14.40000        0.1744650E-002   0.1104538E-003  -0.7428244E-004   0.9930961E-005   0.7580546E-004  -0.9062658E-005  -0.6133107E-006  -0.8568159E-006
    14.50000        0.1737362E-002   0.1113950E-003  -0.7421444E-004   0.1002601E-004   0.7573612E-004  -0.9136241E-005  -0.6341632E-006  -0.8643672E-006
    14.60000        0.1730082E-002   0.1123445E-003  -0.7414443E-004   0.1012144E-004   0.7566460E-004  -0.9210839E-005  -0.6540751E-006  -0.8718800E-006
    14.70000        0.1722809E-002   0.1133025E-003  -0.7407252E-004   0.1021721E-004   0.7559099E-004  -0.9286440E-005  -0.6730763E-006  -0.8793149E-006
    14.80000        0.1715545E-002   0.1142688E-003  -0.7399882E-004   0.1031327E-004   0.7551539E-004  -0.9363030E-005  -0.6911977E-006  -0.8866287E-006
    14.90000        0.1708290E-002   0.1152437E-003  -0.7392342E-004   0.1040959E-004   0.7543789E-004  -0.9440585E-005  -0.7084710E-006  -0.8937746E-006
    15.00000        0.1701043E-002   0.1162270E-003  -0.7384642E-004   0.1050610E-004   0.7535858E-004  -0.9519081E-005  -0.7249290E-006  -0.9007035E-006
    15.10000        0.1693805E-002   0.1172190E-003  -0.7376789E-004   0.1060275E-004   0.7527755E-004  -0.9598486E-005  -0.7406050E-006  -0.9073642E-006
    15.20000        0.1686576E-002   0.1182195E-003  -0.7368790E-004   0.1069947E-004   0.7519489E-004  -0.9678762E-005  -0.7555328E-006  -0.9137045E-006
    15.30000        0.1679356E-002   0.1192287E-003  -0.7360651E-004   0.1079619E-004   0.7511066E-004  -0.9759869E-005  -0.7697467E-006  -0.9196716E-006
    15.40000        0.1672145E-002   0.1202465E-003  -0.7352376E-004   0.1089284E-004   0.7502496E-004  -0.9841758E-005  -0.7832809E-006  -0.9252131E-006
    15.50000        0.1664944E-002   0.1212729E-003  -0.7343971E-004   0.1098935E-004   0.7493786E-004  -0.9924376E-005  -0.7961691E-006  -0.9302769E-006
    15.60000        0.1657752E-002   0.1223080E-003  -0.7335439E-004   0.1108564E-004   0.7484942E-004  -0.1000767E-004  -0.8084445E-006  -0.9348124E-006
    15.70000        0.1650569E-002   0.1233516E-003  -0.7326783E-004   0.1118165E-004   0.7475971E-004  -0.1009156E-004  -0.8201395E-006  -0.9387707E-006
    15.80000        0.1643397E-002   0.1244039E-003  -0.7318005E-004   0.1127730E-004   0.7466880E-004  -0.1017600E-004  -0.8312846E-006  -0.9421051E-006
    15.90000        0.1636234E-002   0.1254648E-003  -0.7309110E-004   0.1137255E-004   0.7457674E-004  -0.1026091E-004  -0.8419089E-006  -0.9447716E-006
    16.00000        0.1629081E-002   0.1265343E-003  -0.7300101E-004   0.1146733E-004   0.7448359E-004  -0.1034621E-004  -0.8520389E-006  -0.9467295E-006
    16.10000        0.1621939E-002   0.1276123E-003  -0.7290979E-004   0.1156160E-004   0.7438942E-004  -0.1043182E-004  -0.8616987E-006  -0.9479419E-006
    16.20000        0.1614806E-002   0.1286987E-003  -0.7281750E-004   0.1165530E-004   0.7429426E-004  -0.1051766E-004  -0.8709091E-006  -0.9483764E-006
    16.30000        0.1607684E-002   0.1297936E-003  -0.7272416E-004   0.1174841E-004   0.7419818E-004  -0.1060365E-004  -0.8796877E-006  -0.9480054E-006
    16.40000        0.1600573E-002   0.1308969E-003  -0.7262982E-004   0.1184088E-004   0.7410121E-004  -0.1068969E-004  -0.8880484E-006  -0.9468066E-006
    16.50000        0.1593472E-002   0.1320084E-003  -0.7253453E-004   0.1193267E-004   0.7400341E-004  -0.1077570E-004  -0.8960015E-006  -0.9447639E-006
    16.60000        0.1586381E-002   0.1331283E-003  -0.7243832E-004   0.1202376E-004   0.7390483E-004  -0.1086159E-004  -0.9035531E-006  -0.9418671E-006
    16.70000        0.1579302E-002   0.1342564E-003  -0.7234126E-004   0.1211409E-004   0.7380550E-004  -0.1094726E-004  -0.9107056E-006  -0.9381130E-006
    16.80000        0.1572233E-002   0.1353926E-003  -0.7224339E-004   0.1220364E-004   0.7370546E-004  -0.1103263E-004  -0.9174573E-006  -0.9335047E-006
    16.90000        0.1565175E-002   0.1365368E-003  -0.7214477E-004   0.1229235E-004   0.7360478E-004  -0.1111760E-004  -0.9238032E-006  -0.9280525E-006
    17.00000        0.1558128E-002   0.1376890E-003  -0.7204546E-004   0.1238019E-004   0.7350348E-004  -0.1120208E-004  -0.9297345E-006  -0.9217730E-006
    17.10000        0.1551092E-002   0.1388492E-003  -0.7194552E-004   0.1246708E-004   0.7340162E-004  -0.1128600E-004  -0.9352394E-006  -0.9146893E-006
    17.20000        0.1544067E-002   0.1400171E-003  -0.7184501E-004   0.1255299E-004   0.7329925E-004  -0.1136927E-004  -0.9403036E-006  -0.9068304E-006
    17.30000        0.1537053E-002   0.1411928E-003  -0.7174400E-004   0.1263785E-004   0.7319640E-004  -0.1145181E-004  -0.9449104E-006  -0.8982306E-006
    17.40000        0.1530050E-002   0.1423761E-003  -0.7164255E-004   0.1272159E-004   0.7309312E-004  -0.1153354E-004  -0.9490415E-006  -0.8889288E-006
    17.50000        0.1523058E-002   0.1435669E-003  -0.7154073E-004   0.1280415E-004   0.7298948E-004  -0.1161439E-004  -0.9526774E-006  -0.8789678E-006
    17.60000        0.1516078E-002   0.1447650E-003  -0.7143861E-004   0.1288547E-004   0.7288551E-004  -0.1169430E-004  -0.9557984E-006  -0.8683933E-006
    17.70000        0.1509109E-002   0.1459705E-003  -0.7133627E-004   0.1296548E-004   0.7278128E-004  -0.1177320E-004  -0.9583848E-006  -0.8572530E-006
    17.80000        0.1502151E-002   0.1471831E-003  -0.7123378E-004   0.1304412E-004   0.7267682E-004  -0.1185105E-004  -0.9604177E-006  -0.8455955E-006
    17.90000        0.1495205E-002   0.1484027E-003  -0.7113121E-004   0.1312132E-004   0.7257221E-004  -0.1192777E-004  -0.9618799E-006  -0.8334695E-006
    18.00000        0.1488270E-002   0.1496292E-003  -0.7102864E-004   0.1319703E-004   0.7246750E-004  -0.1200334E-004  -0.9627562E-006  -0.8209228E-006
    18.10000        0.1481346E-002   0.1508624E-003  -0.7092616E-004   0.1327118E-004   0.7236275E-004  -0.1207771E-004  -0.9630341E-006  -0.8080013E-006
    18.20000        0.1474433E-002   0.1521022E-003  -0.7082383E-004   0.1334372E-004   0.7225800E-004  -0.1215084E-004  -0.9627045E-006  -0.7947483E-006
    18.30000        0.1467532E-002   0.1533484E-003  -0.7072175E-004   0.1341461E-004   0.7215333E-004  -0.1222269E-004  -0.9617617E-006  -0.7812037E-006
    18.40000        0.1460641E-002   0.1546008E-003  -0.7061999E-004   0.1348379E-004   0.7204880E-004  -0.1229325E-004  -0.9602045E-006  -0.7674036E-006
    18.50000        0.1453762E-002   0.1558594E-003  -0.7051864E-004   0.1355122E-004   0.7194445E-004  -0.1236249E-004  -0.9580361E-006  -0.7533800E-006
    18.60000        0.1446895E-002   0.1571238E-003  -0.7041777E-004   0.1361687E-004   0.7184034E-004  -0.1243037E-004  -0.9552642E-006  -0.7391602E-006
    18.70000        0.1440038E-002   0.1583941E-003  -0.7031747E-004   0.1368070E-004   0.7173654E-004  -0.1249689E-004  -0.9519016E-006  -0.7247669E-006
    18.80000        0.1433192E-002   0.1596699E-003  -0.7021780E-004   0.1374266E-004   0.7163310E-004  -0.1256203E-004  -0.9479660E-006  -0.7102183E-006
    18.90000        0.1426357E-002   0.1609511E-003  -0.7011884E-004   0.1380274E-004   0.7153006E-004  -0.1262577E-004  -0.9434798E-006  -0.6955284E-006
    19.00000        0.1419533E-002   0.1622375E-003  -0.7002066E-004   0.1386090E-004   0.7142748E-004  -0.1268810E-004  -0.9384704E-006  -0.6807069E-006
    19.10000        0.1412720E-002   0.1635289E-003  -0.6992333E-004   0.1391711E-004   0.7132541E-004  -0.1274901E-004  -0.9329696E-006  -0.6657600E-006
    19.20000        0.1405918E-002   0.1648252E-003  -0.6982689E-004   0.1397135E-004   0.7122388E-004  -0.1280848E-004  -0.9270136E-006  -0.6506909E-006
    19.30000        0.1399126E-002   0.1661262E-003  -0.6973139E-004   0.1402359E-004   0.7112293E-004  -0.1286650E-004  -0.9206425E-006  -0.6354998E-006
    19.40000        0.1392345E-002   0.1674316E-003  -0.6963690E-004   0.1407382E-004   0.7102261E-004  -0.1292307E-004  -0.9139000E-006  -0.6201850E-006
    19.50000        0.1385574E-002   0.1687413E-003  -0.6954343E-004   0.1412201E-004   0.7092294E-004  -0.1297817E-004  -0.9068327E-006  -0.6047432E-006
    19.60000        0.1378814E-002   0.1700551E-003  -0.6945101E-004   0.1416814E-004   0.7082394E-004  -0.1303179E-004  -0.8994899E-006  -0.5891697E-006
    19.70000        0.1372064E-002   0.1713727E-003  -0.6935968E-004   0.1421220E-004   0.7072563E-004  -0.1308392E-004  -0.8919229E-006  -0.5734594E-006
    19.80000        0.1365324E-002   0.1726941E-003  -0.6926943E-004   0.1425419E-004   0.7062803E-004  -0.1313454E-004  -0.8841847E-006  -0.5576068E-006
    19.90000        0.1358595E-002   0.1740190E-003  -0.6918028E-004   0.1429409E-004   0.7053116E-004  -0.1318366E-004  -0.8763294E-006  -0.5416067E-006
    20.00000        0.1351875E-002   0.1753472E-003  -0.6909222E-004   0.1433191E-004   0.7043501E-004  -0.1323125E-004  -0.8684114E-006  -0.5254544E-006
    20.10000        0.1345165E-002   0.1766785E-003  -0.6900523E-004   0.1436766E-004   0.7033958E-004  -0.1327731E-004  -0.8604857E-006  -0.5091460E-006
    20.20000        0.1338465E-002   0.1780127E-003  -0.6891930E-004   0.1440134E-004   0.7024487E-004  -0.1332183E-004  -0.8526067E-006  -0.4926787E-006
    20.30000        0.1331775E-002   0.1793497E-003  -0.6883438E-004   0.1443298E-004   0.7015086E-004  -0.1336478E-004  -0.8448284E-006  -0.4760511E-006
    20.40000        0.1325094E-002   0.1806892E-003  -0.6875045E-004   0.1446261E-004   0.7005755E-004  -0.1340618E-004  -0.8372041E-006  -0.4592631E-006
    20.50000        0.1318423E-002   0.1820311E-003  -0.6866745E-004   0.1449024E-004   0.6996490E-004  -0.1344599E-004  -0.8297857E-006  -0.4423159E-006
    20.60000        0.1311761E-002   0.1833752E-003  -0.6858532E-004   0.1451593E-004   0.6987289E-004  -0.1348422E-004  -0.8226239E-006  -0.4252123E-006
    20.70000        0.1305109E-002   0.1847213E-003  -0.6850400E-004   0.1453971E-004   0.6978150E-004  -0.1352086E-004  -0.8157678E-006  -0.4079565E-006
    20.80000        0.1298466E-002   0.1860693E-003  -0.6842341E-004   0.1456163E-004   0.6969068E-004  -0.1355590E-004  -0.8092645E-006  -0.3905540E-006
    20.90000        0.1291833E-002   0.1874189E-003  -0.6834349E-004   0.1458173E-004   0.6960039E-004  -0.1358933E-004  -0.8031592E-006  -0.3730113E-006
    21.00000        0.1285209E-002   0.1887701E-003  -0.6826415E-004   0.1460007E-004   0.6951060E-004  -0.1362116E-004  -0.7974941E-006  -0.3553363E-006
    21.10000        0.1278593E-002   0.1901227E-003  -0.6818530E-004   0.1461669E-004   0.6942125E-004  -0.1365136E-004  -0.7923089E-006  -0.3375381E-006
    21.20000        0.1271988E-002   0.1914765E-003  -0.6810686E-004   0.1463164E-004   0.6933229E-004  -0.1367995E-004  -0.7876396E-006  -0.3196269E-006
    21.30000        0.1265391E-002   0.1928315E-003  -0.6802873E-004   0.1464497E-004   0.6924366E-004  -0.1370692E-004  -0.7835183E-006  -0.3016144E-006
    21.40000        0.1258803E-002   0.1941874E-003  -0.6795082E-004   0.1465673E-004   0.6915532E-004  -0.1373228E-004  -0.7799730E-006  -0.2835136E-006
    21.50000        0.1252225E-002   0.1955441E-003  -0.6787305E-004   0.1466696E-004   0.6906720E-004  -0.1375602E-004  -0.7770265E-006  -0.2653394E-006
    21.60000        0.1245656E-002   0.1969016E-003  -0.6779530E-004   0.1467571E-004   0.6897923E-004  -0.1377814E-004  -0.7746963E-006  -0.2471085E-006
    21.70000        0.1239096E-002   0.1982597E-003  -0.6771750E-004   0.1468302E-004   0.6889137E-004  -0.1379867E-004  -0.7729944E-006  -0.2288399E-006
    21.80000        0.1232545E-002   0.1996182E-003  -0.6763954E-004   0.1468893E-004   0.6880354E-004  -0.1381759E-004  -0.7719264E-006  -0.2105550E-006
    21.90000        0.1226004E-002   0.2009772E-003  -0.6756135E-004   0.1469349E-004   0.6871568E-004  -0.1383493E-004  -0.7714922E-006  -0.1922781E-006
    22.00000        0.1219472E-002   0.2023365E-003  -0.6748284E-004   0.1469673E-004   0.6862773E-004  -0.1385070E-004  -0.7716850E-006  -0.1740361E-006
    22.10000        0.1212949E-002   0.2036959E-003  -0.6740393E-004   0.1469871E-004   0.6853963E-004  -0.1386492E-004  -0.7724922E-006  -0.1558590E-006
    22.20000        0.1206436E-002   0.2050554E-003  -0.6732456E-004   0.1469945E-004   0.6845132E-004  -0.1387760E-004  -0.7738952E-006  -0.1377797E-006
    22.30000        0.1199932E-002   0.2064150E-003  -0.6724465E-004   0.1469900E-004   0.6836275E-004  -0.1388876E-004  -0.7758698E-006  -0.1198339E-006
    22.40000        0.1193438E-002   0.2077744E-003  -0.6716415E-004   0.1469739E-004   0.6827386E-004  -0.1389844E-004  -0.7783867E-006  -0.1020599E-006
    22.50000        0.1186953E-002   0.2091337E-003  -0.6708304E-004   0.1469466E-004   0.6818460E-004  -0.1390666E-004  -0.7814123E-006  -0.8449823E-007
    22.60000        0.1180478E-002   0.2104928E-003  -0.6700127E-004   0.1469085E-004   0.6809493E-004  -0.1391347E-004  -0.7849090E-006  -0.6719096E-007
    22.70000        0.1174013E-002   0.2118516E-003  -0.6691883E-004   0.1468598E-004   0.6800481E-004  -0.1391888E-004  -0.7888362E-006  -0.5018137E-007
    22.80000        0.1167558E-002   0.2132100E-003  -0.6683573E-004   0.1468010E-004   0.6791419E-004  -0.1392296E-004  -0.7931505E-006  -0.3351309E-007
    22.90000        0.1161112E-002   0.2145680E-003  -0.6675197E-004   0.1467322E-004   0.6782305E-004  -0.1392574E-004  -0.7978070E-006  -0.1722937E-007
    23.00000        0.1154677E-002   0.2159255E-003  -0.6666758E-004   0.1466539E-004   0.6773135E-004  -0.1392728E-004  -0.8027597E-006  -0.1372159E-008
    23.10000        0.1148251E-002   0.2172825E-003  -0.6658260E-004   0.1465664E-004   0.6763908E-004  -0.1392763E-004  -0.8079622E-006   0.1401881E-007
    23.20000        0.1141836E-002   0.2186389E-003  -0.6649707E-004   0.1464699E-004   0.6754622E-004  -0.1392684E-004  -0.8133682E-006   0.2890705E-007
    23.30000        0.1135431E-002   0.2199946E-003  -0.6641106E-004   0.1463649E-004   0.6745275E-004  -0.1392497E-004  -0.8189325E-006   0.4326043E-007
    23.40000        0.1129036E-002   0.2213496E-003  -0.6632462E-004   0.1462517E-004   0.6735867E-004  -0.1392209E-004  -0.8246114E-006   0.5705224E-007
    23.50000        0.1122652E-002   0.2227039E-003  -0.6623783E-004   0.1461307E-004   0.6726396E-004  -0.1391826E-004  -0.8303630E-006   0.7026236E-007
    23.60000        0.1116278E-002   0.2240574E-003  -0.6615077E-004   0.1460023E-004   0.6716864E-004  -0.1391354E-004  -0.8361483E-006   0.8287831E-007
    23.70000        0.1109914E-002   0.2254102E-003  -0.6606351E-004   0.1458670E-004   0.6707271E-004  -0.1390800E-004  -0.8419313E-006   0.9489631E-007
    23.80000        0.1103560E-002   0.2267621E-003  -0.6597614E-004   0.1457252E-004   0.6697616E-004  -0.1390170E-004  -0.8476795E-006   0.1063222E-006
    23.90000        0.1097217E-002   0.2281132E-003  -0.6588875E-004   0.1455772E-004   0.6687902E-004  -0.1389470E-004  -0.8533642E-006   0.1171719E-006
    24.00000        0.1090884E-002   0.2294634E-003  -0.6580140E-004   0.1454236E-004   0.6678130E-004  -0.1388706E-004  -0.8589610E-006   0.1274726E-006
    24.10000        0.1084561E-002   0.2308127E-003  -0.6571419E-004   0.1452646E-004   0.6668301E-004  -0.1387884E-004  -0.8644495E-006   0.1372622E-006
    24.20000        0.1078249E-002   0.2321611E-003  -0.6562719E-004   0.1451005E-004   0.6658416E-004  -0.1387008E-004  -0.8698138E-006   0.1465899E-006
    24.30000        0.1071947E-002   0.2335086E-003  -0.6554048E-004   0.1449317E-004   0.6648479E-004  -0.1386082E-004  -0.8750420E-006   0.1555154E-006
    24.40000        0.1065655E-002   0.2348552E-003  -0.6545413E-004   0.1447583E-004   0.6638490E-004  -0.1385111E-004  -0.8801262E-006   0.1641088E-006
    24.50000        0.1059373E-002   0.2362009E-003  -0.6536820E-004   0.1445805E-004   0.6628453E-004  -0.1384097E-004  -0.8850622E-006   0.1724494E-006
    24.60000        0.1053102E-002   0.2375456E-003  -0.6528276E-004   0.1443983E-004   0.6618368E-004  -0.1383041E-004  -0.8898491E-006   0.1806244E-006
    24.70000        0.1046840E-002   0.2388895E-003  -0.6519784E-004   0.1442115E-004   0.6608239E-004  -0.1381946E-004  -0.8944884E-006   0.1887279E-006
    24.80000        0.1040589E-002   0.2402323E-003  -0.6511349E-004   0.1440202E-004   0.6598066E-004  -0.1380809E-004  -0.8989840E-006   0.1968590E-006
    24.90000        0.1034347E-002   0.2415742E-003  -0.6502973E-004   0.1438240E-004   0.6587853E-004  -0.1379632E-004  -0.9033413E-006   0.2051198E-006
    25.00000        0.1028115E-002   0.2429152E-003  -0.6494659E-004   0.1436226E-004   0.6577600E-004  -0.1378410E-004  -0.9075665E-006   0.2136143E-006
    25.10000        0.1021893E-002   0.2442552E-003  -0.6486407E-004   0.1434158E-004   0.6567311E-004  -0.1377142E-004  -0.9116661E-006   0.2224457E-006
    25.20000        0.1015681E-002   0.2455941E-003  -0.6478217E-004   0.1432030E-004   0.6556986E-004  -0.1375822E-004  -0.9156464E-006   0.2317147E-006
    25.30000        0.1009478E-002   0.2469320E-003  -0.6470086E-004   0.1429837E-004   0.6546628E-004  -0.1374446E-004  -0.9195130E-006   0.2415181E-006
    25.40000        0.1003285E-002   0.2482688E-003  -0.6462013E-004   0.1427574E-004   0.6536237E-004  -0.1373007E-004  -0.9232706E-006   0.2519464E-006
    25.50000        0.9971013E-003   0.2496046E-003  -0.6453993E-004   0.1425233E-004   0.6525817E-004  -0.1371498E-004  -0.9269225E-006   0.2630825E-006
    25.60000        0.9909271E-003   0.2509391E-003  -0.6446022E-004   0.1422808E-004   0.6515367E-004  -0.1369911E-004  -0.9304708E-006   0.2750002E-006
    25.70000        0.9847623E-003   0.2522724E-003  -0.6438095E-004   0.1420290E-004   0.6504890E-004  -0.1368238E-004  -0.9339162E-006   0.2877629E-006
    25.80000        0.9786067E-003   0.2536045E-003  -0.6430208E-004   0.1417671E-004   0.6494387E-004  -0.1366469E-004  -0.9372581E-006   0.3014225E-006
    25.90000        0.9724604E-003   0.2549351E-003  -0.6422356E-004   0.1414942E-004   0.6483860E-004  -0.1364596E-004  -0.9404952E-006   0.3160188E-006
    26.00000        0.9663233E-003   0.2562643E-003  -0.6414532E-004   0.1412094E-004   0.6473310E-004  -0.1362607E-004  -0.9436254E-006   0.3315786E-006
    26.10000        0.9601953E-003   0.2575920E-003  -0.6406732E-004   0.1409117E-004   0.6462738E-004  -0.1360495E-004  -0.9466462E-006   0.3481157E-006
    26.20000        0.9540765E-003   0.2589180E-003  -0.6398951E-004   0.1406000E-004   0.6452146E-004  -0.1358247E-004  -0.9495558E-006   0.3656306E-006
    26.30000        0.9479667E-003   0.2602422E-003  -0.6391186E-004   0.1402733E-004   0.6441536E-004  -0.1355855E-004  -0.9523527E-006   0.3841108E-006
    26.40000        0.9418661E-003   0.2615646E-003  -0.6383434E-004   0.1399306E-004   0.6430908E-004  -0.1353308E-004  -0.9550368E-006   0.4035311E-006
    26.50000        0.9357744E-003   0.2628849E-003  -0.6375690E-004   0.1395709E-004   0.6420264E-004  -0.1350598E-004  -0.9576099E-006   0.4238545E-006
    26.60000        0.9296917E-003   0.2642030E-003  -0.6367954E-004   0.1391931E-004   0.6409605E-004  -0.1347716E-004  -0.9600762E-006   0.4450326E-006
    26.70000        0.9236180E-003   0.2655187E-003  -0.6360223E-004   0.1387965E-004   0.6398933E-004  -0.1344653E-004  -0.9624428E-006   0.4670071E-006
    26.80000        0.9175533E-003   0.2668320E-003  -0.6352495E-004   0.1383799E-004   0.6388248E-004  -0.1341401E-004  -0.9647206E-006   0.4897106E-006
    26.90000        0.9114975E-003   0.2681425E-003  -0.6344771E-004   0.1379428E-004   0.6377551E-004  -0.1337954E-004  -0.9669242E-006   0.5130681E-006
    27.00000        0.9054506E-003   0.2694502E-003  -0.6337049E-004   0.1374842E-004   0.6366843E-004  -0.1334306E-004  -0.9690728E-006   0.5369983E-006
    27.10000        0.8994127E-003   0.2707548E-003  -0.6329327E-004   0.1370035E-004   0.6356123E-004  -0.1330451E-004  -0.9711903E-006   0.5614150E-006
    27.20000        0.8933836E-003   0.2720562E-003  -0.6321607E-004   0.1365002E-004   0.6345393E-004  -0.1326385E-004  -0.9733055E-006   0.5862287E-006
    27.30000        0.8873633E-003   0.2733541E-003  -0.6313885E-004   0.1359738E-004   0.6334652E-004  -0.1322105E-004  -0.9754521E-006   0.6113478E-006
    27.40000        0.8813519E-003   0.2746483E-003  -0.6306162E-004   0.1354239E-004   0.6323898E-004  -0.1317607E-004  -0.9776686E-006   0.6366802E-006
    27.50000        0.8753494E-003   0.2759387E-003  -0.6298436E-004   0.1348500E-004   0.6313132E-004  -0.1312892E-004  -0.9799981E-006   0.6621345E-006
    27.60000        0.8693556E-003   0.2772249E-003  -0.6290703E-004   0.1342520E-004   0.6302350E-004  -0.1307957E-004  -0.9824877E-006   0.6876213E-006
    27.70000        0.8633707E-003   0.2785069E-003  -0.6282961E-004   0.1336297E-004   0.6291551E-004  -0.1302804E-004  -0.9851879E-006   0.7130542E-006
    27.80000        0.8573946E-003   0.2797843E-003  -0.6275206E-004   0.1329829E-004   0.6280733E-004  -0.1297432E-004  -0.9881520E-006   0.7383508E-006
    27.90000        0.8514274E-003   0.2810570E-003  -0.6267433E-004   0.1323117E-004   0.6269891E-004  -0.1291845E-004  -0.9914346E-006   0.7634334E-006
    28.00000        0.8454689E-003   0.2823248E-003  -0.6259637E-004   0.1316158E-004   0.6259022E-004  -0.1286044E-004  -0.9950916E-006   0.7882300E-006
    28.10000        0.8395193E-003   0.2835873E-003  -0.6251812E-004   0.1308955E-004   0.6248122E-004  -0.1280033E-004  -0.9991780E-006   0.8126745E-006
    28.20000        0.8335786E-003   0.2848445E-003  -0.6243949E-004   0.1301506E-004   0.6237186E-004  -0.1273815E-004  -0.1003747E-005   0.8367072E-006
    28.30000        0.8276467E-003   0.2860961E-003  -0.6236041E-004   0.1293814E-004   0.6226207E-004  -0.1267395E-004  -0.1008851E-005   0.8602751E-006
    28.40000        0.8217238E-003   0.2873418E-003  -0.6228078E-004   0.1285879E-004   0.6215180E-004  -0.1260778E-004  -0.1014536E-005   0.8833319E-006
    28.50000        0.8158099E-003   0.2885815E-003  -0.6220052E-004   0.1277703E-004   0.6204099E-004  -0.1253969E-004  -0.1020845E-005   0.9058381E-006
    28.60000        0.8099051E-003   0.2898150E-003  -0.6211952E-004   0.1269287E-004   0.6192957E-004  -0.1246973E-004  -0.1027814E-005   0.9277605E-006
    28.70000        0.8040093E-003   0.2910420E-003  -0.6203768E-004   0.1260632E-004   0.6181747E-004  -0.1239797E-004  -0.1035474E-005   0.9490726E-006
    28.80000        0.7981228E-003   0.2922624E-003  -0.6195489E-004   0.1251739E-004   0.6170461E-004  -0.1232446E-004  -0.1043848E-005   0.9697533E-006
    28.90000        0.7922455E-003   0.2934759E-003  -0.6187104E-004   0.1242612E-004   0.6159092E-004  -0.1224926E-004  -0.1052952E-005   0.9897873E-006
    29.00000        0.7863777E-003   0.2946823E-003  -0.6178602E-004   0.1233249E-004   0.6147633E-004  -0.1217244E-004  -0.1062794E-005   0.1009164E-005
    29.10000        0.7805194E-003   0.2958814E-003  -0.6169972E-004   0.1223654E-004   0.6136075E-004  -0.1209406E-004  -0.1073374E-005   0.1027878E-005
    29.20000        0.7746708E-003   0.2970730E-003  -0.6161204E-004   0.1213827E-004   0.6124412E-004  -0.1201418E-004  -0.1084684E-005   0.1045926E-005
    29.30000        0.7688319E-003   0.2982570E-003  -0.6152288E-004   0.1203769E-004   0.6112636E-004  -0.1193287E-004  -0.1096711E-005   0.1063310E-005
    29.40000        0.7630030E-003   0.2994331E-003  -0.6143214E-004   0.1193481E-004   0.6100740E-004  -0.1185019E-004  -0.1109434E-005   0.1080033E-005
    29.50000        0.7571842E-003   0.3006010E-003  -0.6133972E-004   0.1182964E-004   0.6088718E-004  -0.1176619E-004  -0.1122824E-005   0.1096101E-005
    29.60000        0.7513757E-003   0.3017607E-003  -0.6124554E-004   0.1172218E-004   0.6076563E-004  -0.1168095E-004  -0.1136849E-005   0.1111522E-005
    29.70000        0.7455776E-003   0.3029119E-003  -0.6114950E-004   0.1161245E-004   0.6064269E-004  -0.1159451E-004  -0.1151472E-005   0.1126305E-005
    29.80000        0.7397901E-003   0.3040544E-003  -0.6105154E-004   0.1150046E-004   0.6051831E-004  -0.1150694E-004  -0.1166652E-005   0.1140460E-005
    29.90000        0.7340135E-003   0.3051881E-003  -0.6095159E-004   0.1138622E-004   0.6039243E-004  -0.1141830E-004  -0.1182342E-005   0.1153996E-005
    30.00000        0.7282479E-003   0.3063126E-003  -0.6084957E-004   0.1126976E-004   0.6026502E-004  -0.1132863E-004  -0.1198497E-005   0.1166926E-005
    30.10000        0.7224935E-003   0.3074279E-003  -0.6074543E-004   0.1115110E-004   0.6013604E-004  -0.1123800E-004  -0.1215068E-005   0.1179262E-005
    30.20000        0.7167506E-003   0.3085337E-003  -0.6063912E-004   0.1103027E-004   0.6000544E-004  -0.1114645E-004  -0.1232003E-005   0.1191015E-005
    30.30000        0.7110193E-003   0.3096299E-003  -0.6053059E-004   0.1090733E-004   0.5987321E-004  -0.1105403E-004  -0.1249251E-005   0.1202199E-005
    30.40000        0.7052998E-003   0.3107162E-003  -0.6041981E-004   0.1078234E-004   0.5973932E-004  -0.1096080E-004  -0.1266760E-005   0.1212828E-005
    30.50000        0.6995925E-003   0.3117926E-003  -0.6030676E-004   0.1065537E-004   0.5960376E-004  -0.1086680E-004  -0.1284479E-005   0.1222915E-005
    30.60000        0.6938975E-003   0.3128587E-003  -0.6019141E-004   0.1052650E-004   0.5946651E-004  -0.1077207E-004  -0.1302356E-005   0.1232477E-005
    30.70000        0.6882150E-003   0.3139146E-003  -0.6007374E-004   0.1039585E-004   0.5932757E-004  -0.1067666E-004  -0.1320338E-005   0.1241530E-005
    30.80000        0.6825452E-003   0.3149599E-003  -0.5995377E-004   0.1026352E-004   0.5918695E-004  -0.1058062E-004  -0.1338374E-005   0.1250092E-005
    30.90000        0.6768884E-003   0.3159947E-003  -0.5983151E-004   0.1012964E-004   0.5904464E-004  -0.1048397E-004  -0.1356415E-005   0.1258184E-005
    31.00000        0.6712448E-003   0.3170187E-003  -0.5970696E-004   0.9994369E-005   0.5890066E-004  -0.1038675E-004  -0.1374408E-005   0.1265825E-005
    31.10000        0.6656146E-003   0.3180319E-003  -0.5958017E-004   0.9857844E-005   0.5875503E-004  -0.1028901E-004  -0.1392306E-005   0.1273040E-005
    31.20000        0.6599980E-003   0.3190341E-003  -0.5945119E-004   0.9720230E-005   0.5860776E-004  -0.1019076E-004  -0.1410059E-005   0.1279853E-005
    31.30000        0.6543952E-003   0.3200254E-003  -0.5932008E-004   0.9581695E-005   0.5845889E-004  -0.1009205E-004  -0.1427620E-005   0.1286292E-005
    31.40000        0.6488064E-003   0.3210055E-003  -0.5918691E-004   0.9442408E-005   0.5830845E-004  -0.9992883E-005  -0.1444944E-005   0.1292386E-005
    31.50000        0.6432318E-003   0.3219746E-003  -0.5905178E-004   0.9302546E-005   0.5815647E-004  -0.9893296E-005  -0.1461985E-005   0.1298165E-005
    31.60000        0.6376715E-003   0.3229324E-003  -0.5891479E-004   0.9162282E-005   0.5800299E-004  -0.9793303E-005  -0.1478701E-005   0.1303664E-005
    31.70000        0.6321258E-003   0.3238792E-003  -0.5877607E-004   0.9021790E-005   0.5784806E-004  -0.9692919E-005  -0.1495051E-005   0.1308917E-005
    31.80000        0.6265947E-003   0.3248147E-003  -0.5863575E-004   0.8881241E-005   0.5769173E-004  -0.9592156E-005  -0.1510998E-005   0.1313960E-005
    31.90000        0.6210784E-003   0.3257391E-003  -0.5849399E-004   0.8740801E-005   0.5753404E-004  -0.9491021E-005  -0.1526505E-005   0.1318831E-005
    32.00000        0.6155770E-003   0.3266525E-003  -0.5835095E-004   0.8600629E-005   0.5737506E-004  -0.9389517E-005  -0.1541542E-005   0.1323567E-005
    32.10000        0.6100906E-003   0.3275547E-003  -0.5820681E-004   0.8460874E-005   0.5721483E-004  -0.9287645E-005  -0.1556080E-005   0.1328205E-005
    32.20000        0.6046192E-003   0.3284460E-003  -0.5806176E-004   0.8321675E-005   0.5705343E-004  -0.9185400E-005  -0.1570095E-005   0.1332783E-005
    32.30000        0.5991630E-003   0.3293263E-003  -0.5791597E-004   0.8183157E-005   0.5689092E-004  -0.9082775E-005  -0.1583568E-005   0.1337336E-005
    32.40000        0.5937220E-003   0.3301958E-003  -0.5776963E-004   0.8045427E-005   0.5672734E-004  -0.8979760E-005  -0.1596483E-005   0.1341895E-005
    32.50000        0.5882961E-003   0.3310545E-003  -0.5762293E-004   0.7908575E-005   0.5656278E-004  -0.8876341E-005  -0.1608831E-005   0.1346488E-005
    32.60000        0.5828854E-003   0.3319025E-003  -0.5747603E-004   0.7772668E-005   0.5639729E-004  -0.8772502E-005  -0.1620606E-005   0.1351140E-005
    32.70000        0.5774899E-003   0.3327400E-003  -0.5732909E-004   0.7637747E-005   0.5623095E-004  -0.8668225E-005  -0.1631807E-005   0.1355869E-005
    32.80000        0.5721095E-003   0.3335670E-003  -0.5718224E-004   0.7503830E-005   0.5606380E-004  -0.8563491E-005  -0.1642439E-005   0.1360686E-005
    32.90000        0.5667442E-003   0.3343837E-003  -0.5703559E-004   0.7370910E-005   0.5589592E-004  -0.8458279E-005  -0.1652510E-005   0.1365598E-005
    33.00000        0.5613940E-003   0.3351901E-003  -0.5688923E-004   0.7238954E-005   0.5572736E-004  -0.8352571E-005  -0.1662034E-005   0.1370601E-005
    33.10000        0.5560587E-003   0.3359863E-003  -0.5674322E-004   0.7107906E-005   0.5555819E-004  -0.8246346E-005  -0.1671026E-005   0.1375687E-005
    33.20000        0.5507383E-003   0.3367725E-003  -0.5659759E-004   0.6977690E-005   0.5538846E-004  -0.8139588E-005  -0.1679507E-005   0.1380841E-005
    33.30000        0.5454328E-003   0.3375486E-003  -0.5645236E-004   0.6848216E-005   0.5521823E-004  -0.8032280E-005  -0.1687503E-005   0.1386041E-005
    33.40000        0.5401420E-003   0.3383148E-003  -0.5630752E-004   0.6719382E-005   0.5504755E-004  -0.7924411E-005  -0.1695038E-005   0.1391262E-005
    33.50000        0.5348660E-003   0.3390710E-003  -0.5616305E-004   0.6591079E-005   0.5487646E-004  -0.7815970E-005  -0.1702143E-005   0.1396473E-005
    33.60000        0.5296045E-003   0.3398174E-003  -0.5601891E-004   0.6463197E-005   0.5470501E-004  -0.7706951E-005  -0.1708849E-005   0.1401640E-005
    33.70000        0.5243576E-003   0.3405539E-003  -0.5587505E-004   0.6335627E-005   0.5453324E-004  -0.7597350E-005  -0.1715189E-005   0.1406729E-005
    33.80000        0.5191253E-003   0.3412807E-003  -0.5573142E-004   0.6208268E-005   0.5436120E-004  -0.7487170E-005  -0.1721198E-005   0.1411704E-005
    33.90000        0.5139074E-003   0.3419975E-003  -0.5558797E-004   0.6081025E-005   0.5418890E-004  -0.7376414E-005  -0.1726910E-005   0.1416530E-005
    34.00000        0.5087039E-003   0.3427046E-003  -0.5544462E-004   0.5953815E-005   0.5401640E-004  -0.7265090E-005  -0.1732360E-005   0.1421172E-005
    34.10000        0.5035148E-003   0.3434018E-003  -0.5530129E-004   0.5826562E-005   0.5384370E-004  -0.7153211E-005  -0.1737583E-005   0.1425600E-005
    34.20000        0.4983401E-003   0.3440891E-003  -0.5515791E-004   0.5699207E-005   0.5367084E-004  -0.7040791E-005  -0.1742613E-005   0.1429783E-005
    34.30000        0.4931796E-003   0.3447666E-003  -0.5501438E-004   0.5571698E-005   0.5349783E-004  -0.6927847E-005  -0.1747481E-005   0.1433696E-005
    34.40000        0.4880335E-003   0.3454341E-003  -0.5487060E-004   0.5443997E-005   0.5332470E-004  -0.6814400E-005  -0.1752220E-005   0.1437315E-005
    34.50000        0.4829017E-003   0.3460916E-003  -0.5472646E-004   0.5316074E-005   0.5315145E-004  -0.6700472E-005  -0.1756858E-005   0.1440624E-005
    34.60000        0.4777842E-003   0.3467391E-003  -0.5458183E-004   0.5187912E-005   0.5297810E-004  -0.6586088E-005  -0.1761422E-005   0.1443607E-005
    34.70000        0.4726810E-003   0.3473766E-003  -0.5443659E-004   0.5059502E-005   0.5280465E-004  -0.6471271E-005  -0.1765940E-005   0.1446258E-005
    34.80000        0.4675923E-003   0.3480039E-003  -0.5429060E-004   0.4930846E-005   0.5263112E-004  -0.6356048E-005  -0.1770434E-005   0.1448571E-005
    34.90000        0.4625179E-003   0.3486211E-003  -0.5414373E-004   0.4801951E-005   0.5245750E-004  -0.6240445E-005  -0.1774926E-005   0.1450549E-005
    35.00000        0.4574580E-003   0.3492281E-003  -0.5399582E-004   0.4672837E-005   0.5228380E-004  -0.6124487E-005  -0.1779437E-005   0.1452200E-005
    35.10000        0.4524127E-003   0.3498249E-003  -0.5384675E-004   0.4543528E-005   0.5211001E-004  -0.6008199E-005  -0.1783985E-005   0.1453535E-005
    35.20000        0.4473820E-003   0.3504114E-003  -0.5369637E-004   0.4414053E-005   0.5193614E-004  -0.5891604E-005  -0.1788586E-005   0.1454572E-005
    35.30000        0.4423661E-003   0.3509875E-003  -0.5354458E-004   0.4284450E-005   0.5176218E-004  -0.5774724E-005  -0.1793255E-005   0.1455336E-005
    35.40000        0.4373650E-003   0.3515533E-003  -0.5339124E-004   0.4154756E-005   0.5158813E-004  -0.5657578E-005  -0.1798007E-005   0.1455853E-005
    35.50000        0.4323789E-003   0.3521087E-003  -0.5323628E-004   0.4025012E-005   0.5141398E-004  -0.5540181E-005  -0.1802853E-005   0.1456154E-005
    35.60000        0.4274080E-003   0.3526537E-003  -0.5307959E-004   0.3895258E-005   0.5123972E-004  -0.5422548E-005  -0.1807804E-005   0.1456275E-005
    35.70000        0.4224522E-003   0.3531882E-003  -0.5292112E-004   0.3765533E-005   0.5106535E-004  -0.5304687E-005  -0.1812870E-005   0.1456252E-005
    35.80000        0.4175119E-003   0.3537122E-003  -0.5276081E-004   0.3635871E-005   0.5089086E-004  -0.5186605E-005  -0.1818058E-005   0.1456123E-005
    35.90000        0.4125871E-003   0.3542258E-003  -0.5259862E-004   0.3506301E-005   0.5071623E-004  -0.5068306E-005  -0.1823377E-005   0.1455925E-005
    36.00000        0.4076779E-003   0.3547288E-003  -0.5243451E-004   0.3376845E-005   0.5054146E-004  -0.4949788E-005  -0.1828831E-005   0.1455695E-005
    36.10000        0.4027846E-003   0.3552213E-003  -0.5226849E-004   0.3247521E-005   0.5036654E-004  -0.4831050E-005  -0.1834424E-005   0.1455465E-005
    36.20000        0.3979073E-003   0.3557032E-003  -0.5210053E-004   0.3118338E-005   0.5019145E-004  -0.4712084E-005  -0.1840158E-005   0.1455266E-005
    36.30000        0.3930462E-003   0.3561746E-003  -0.5193063E-004   0.2989300E-005   0.5001619E-004  -0.4592881E-005  -0.1846034E-005   0.1455122E-005
    36.40000        0.3882013E-003   0.3566354E-003  -0.5175881E-004   0.2860405E-005   0.4984074E-004  -0.4473434E-005  -0.1852048E-005   0.1455053E-005
    36.50000        0.3833728E-003   0.3570856E-003  -0.5158508E-004   0.2731649E-005   0.4966509E-004  -0.4353728E-005  -0.1858196E-005   0.1455070E-005
    36.60000        0.3785610E-003   0.3575251E-003  -0.5140943E-004   0.2603024E-005   0.4948923E-004  -0.4233755E-005  -0.1864470E-005   0.1455180E-005
    36.70000        0.3737658E-003   0.3579540E-003  -0.5123190E-004   0.2474523E-005   0.4931316E-004  -0.4113501E-005  -0.1870858E-005   0.1455381E-005
    36.80000        0.3689876E-003   0.3583723E-003  -0.5105250E-004   0.2346138E-005   0.4913685E-004  -0.3992957E-005  -0.1877348E-005   0.1455666E-005
    36.90000        0.3642263E-003   0.3587799E-003  -0.5087125E-004   0.2217862E-005   0.4896031E-004  -0.3872114E-005  -0.1883922E-005   0.1456018E-005
    37.00000        0.3594822E-003   0.3591768E-003  -0.5068818E-004   0.2089690E-005   0.4878353E-004  -0.3750965E-005  -0.1890561E-005   0.1456418E-005
    37.10000        0.3547554E-003   0.3595629E-003  -0.5050332E-004   0.1961621E-005   0.4860650E-004  -0.3629507E-005  -0.1897244E-005   0.1456837E-005
    37.20000        0.3500460E-003   0.3599383E-003  -0.5031671E-004   0.1833657E-005   0.4842922E-004  -0.3507739E-005  -0.1903947E-005   0.1457245E-005
    37.30000        0.3453541E-003   0.3603030E-003  -0.5012839E-004   0.1705801E-005   0.4825170E-004  -0.3385666E-005  -0.1910645E-005   0.1457607E-005
    37.40000        0.3406800E-003   0.3606569E-003  -0.4993840E-004   0.1578061E-005   0.4807392E-004  -0.3263293E-005  -0.1917313E-005   0.1457884E-005
    37.50000        0.3360236E-003   0.3609999E-003  -0.4974680E-004   0.1450448E-005   0.4789589E-004  -0.3140634E-005  -0.1923925E-005   0.1458036E-005
    37.60000        0.3313851E-003   0.3613322E-003  -0.4955365E-004   0.1322974E-005   0.4771763E-004  -0.3017704E-005  -0.1930457E-005   0.1458023E-005
    37.70000        0.3267646E-003   0.3616536E-003  -0.4935902E-004   0.1195655E-005   0.4753913E-004  -0.2894522E-005  -0.1936885E-005   0.1457804E-005
    37.80000        0.3221623E-003   0.3619642E-003  -0.4916297E-004   0.1068510E-005   0.4736041E-004  -0.2771114E-005  -0.1943187E-005   0.1457339E-005
    37.90000        0.3175781E-003   0.3622639E-003  -0.4896558E-004   0.9415577E-006   0.4718147E-004  -0.2647507E-005  -0.1949343E-005   0.1456592E-005
    38.00000        0.3130123E-003   0.3625528E-003  -0.4876692E-004   0.8148205E-006   0.4700232E-004  -0.2523733E-005  -0.1955339E-005   0.1455527E-005
    38.10000        0.3084648E-003   0.3628308E-003  -0.4856709E-004   0.6883218E-006   0.4682298E-004  -0.2399829E-005  -0.1961162E-005   0.1454112E-005
    38.20000        0.3039358E-003   0.3630979E-003  -0.4836615E-004   0.5620869E-006   0.4664346E-004  -0.2275832E-005  -0.1966805E-005   0.1452318E-005
    38.30000        0.2994253E-003   0.3633542E-003  -0.4816419E-004   0.4361421E-006   0.4646377E-004  -0.2151783E-005  -0.1972263E-005   0.1450123E-005
    38.40000        0.2949333E-003   0.3635996E-003  -0.4796128E-004   0.3105148E-006   0.4628392E-004  -0.2027726E-005  -0.1977538E-005   0.1447505E-005
    38.50000        0.2904600E-003   0.3638342E-003  -0.4775751E-004   0.1852330E-006   0.4610393E-004  -0.1903706E-005  -0.1982637E-005   0.1444448E-005
    38.60000        0.2860054E-003   0.3640579E-003  -0.4755293E-004   0.6032552E-007   0.4592379E-004  -0.1779769E-005  -0.1987570E-005   0.1440941E-005
    38.70000        0.2815695E-003   0.3642707E-003  -0.4734762E-004  -0.6417915E-007   0.4574351E-004  -0.1655961E-005  -0.1992354E-005   0.1436974E-005
    38.80000        0.2771524E-003   0.3644728E-003  -0.4714164E-004  -0.1882526E-006   0.4556311E-004  -0.1532332E-005  -0.1997007E-005   0.1432545E-005
    38.90000        0.2727540E-003   0.3646640E-003  -0.4693502E-004  -0.3118671E-006   0.4538257E-004  -0.1408929E-005  -0.2001555E-005   0.1427651E-005
    39.00000        0.2683745E-003   0.3648445E-003  -0.4672783E-004  -0.4349958E-006   0.4520191E-004  -0.1285800E-005  -0.2006024E-005   0.1422295E-005
    39.10000        0.2640138E-003   0.3650143E-003  -0.4652008E-004  -0.5576129E-006   0.4502111E-004  -0.1162993E-005  -0.2010445E-005   0.1416481E-005
    39.20000        0.2596719E-003   0.3651733E-003  -0.4631182E-004  -0.6796940E-006   0.4484017E-004  -0.1040554E-005  -0.2014849E-005   0.1410216E-005
    39.30000        0.2553490E-003   0.3653216E-003  -0.4610306E-004  -0.8012158E-006   0.4465906E-004  -0.9185303E-006  -0.2019272E-005   0.1403508E-005
    39.40000        0.2510450E-003   0.3654593E-003  -0.4589382E-004  -0.9221564E-006   0.4447779E-004  -0.7969665E-006  -0.2023748E-005   0.1396367E-005
    39.50000        0.2467599E-003   0.3655864E-003  -0.4568409E-004  -0.1042495E-005   0.4429632E-004  -0.6759071E-006  -0.2028311E-005   0.1388805E-005
    39.60000        0.2424938E-003   0.3657030E-003  -0.4547388E-004  -0.1162211E-005   0.4411464E-004  -0.5553952E-006  -0.2032996E-005   0.1380834E-005
    39.70000        0.2382467E-003   0.3658090E-003  -0.4526317E-004  -0.1281286E-005   0.4393272E-004  -0.4354728E-006  -0.2037836E-005   0.1372466E-005
    39.80000        0.2340187E-003   0.3659045E-003  -0.4505195E-004  -0.1399700E-005   0.4375052E-004  -0.3161808E-006  -0.2042861E-005   0.1363715E-005
    39.90000        0.2298097E-003   0.3659896E-003  -0.4484019E-004  -0.1517435E-005   0.4356802E-004  -0.1975587E-006  -0.2048099E-005   0.1354593E-005
    40.00000        0.2256198E-003   0.3660643E-003  -0.4462785E-004  -0.1634475E-005   0.4338517E-004  -0.7964507E-007  -0.2053575E-005   0.1345116E-005
    40.10000        0.2214491E-003   0.3661287E-003  -0.4441491E-004  -0.1750802E-005   0.4320196E-004   0.3752296E-007  -0.2059310E-005   0.1335296E-005
    40.20000        0.2172976E-003   0.3661828E-003  -0.4420133E-004  -0.1866401E-005   0.4301832E-004   0.1539094E-006  -0.2065323E-005   0.1325149E-005
    40.30000        0.2131653E-003   0.3662267E-003  -0.4398707E-004  -0.1981262E-005   0.4283423E-004   0.2694793E-006  -0.2071626E-005   0.1314687E-005
    40.40000        0.2090524E-003   0.3662604E-003  -0.4377207E-004  -0.2095373E-005   0.4264964E-004   0.3841991E-006  -0.2078229E-005   0.1303925E-005
    40.50000        0.2049589E-003   0.3662840E-003  -0.4355631E-004  -0.2208730E-005   0.4246451E-004   0.4980364E-006  -0.2085136E-005   0.1292879E-005
    40.60000        0.2008848E-003   0.3662976E-003  -0.4333975E-004  -0.2321333E-005   0.4227880E-004   0.6109600E-006  -0.2092350E-005   0.1281562E-005
    40.70000        0.1968303E-003   0.3663012E-003  -0.4312234E-004  -0.2433187E-005   0.4209246E-004   0.7229399E-006  -0.2099867E-005   0.1269990E-005
    40.80000        0.1927954E-003   0.3662949E-003  -0.4290407E-004  -0.2544303E-005   0.4190546E-004   0.8339475E-006  -0.2107680E-005   0.1258178E-005
    40.90000        0.1887802E-003   0.3662787E-003  -0.4268490E-004  -0.2654699E-005   0.4171776E-004   0.9439554E-006  -0.2115779E-005   0.1246141E-005
    41.00000        0.1847848E-003   0.3662527E-003  -0.4246482E-004  -0.2764397E-005   0.4152932E-004   0.1052938E-005  -0.2124151E-005   0.1233897E-005
    41.10000        0.1808093E-003   0.3662169E-003  -0.4224382E-004  -0.2873426E-005   0.4134010E-004   0.1160870E-005  -0.2132778E-005   0.1221460E-005
    41.20000        0.1768537E-003   0.3661714E-003  -0.4202190E-004  -0.2981818E-005   0.4115007E-004   0.1267729E-005  -0.2141641E-005   0.1208848E-005
    41.30000        0.1729182E-003   0.3661163E-003  -0.4179905E-004  -0.3089608E-005   0.4095920E-004   0.1373493E-005  -0.2150718E-005   0.1196078E-005
    41.40000        0.1690029E-003   0.3660516E-003  -0.4157529E-004  -0.3196830E-005   0.4076745E-004   0.1478142E-005  -0.2159985E-005   0.1183165E-005
    41.50000        0.1651078E-003   0.3659773E-003  -0.4135064E-004  -0.3303522E-005   0.4057481E-004   0.1581657E-005  -0.2169414E-005   0.1170127E-005
    41.60000        0.1612330E-003   0.3658935E-003  -0.4112510E-004  -0.3409717E-005   0.4038125E-004   0.1684023E-005  -0.2178977E-005   0.1156982E-005
    41.70000        0.1573787E-003   0.3658002E-003  -0.4089870E-004  -0.3515447E-005   0.4018674E-004   0.1785224E-005  -0.2188646E-005   0.1143744E-005
    41.80000        0.1535448E-003   0.3656974E-003  -0.4067146E-004  -0.3620738E-005   0.3999129E-004   0.1885245E-005  -0.2198389E-005   0.1130431E-005
    41.90000        0.1497316E-003   0.3655852E-003  -0.4044341E-004  -0.3725614E-005   0.3979486E-004   0.1984077E-005  -0.2208176E-005   0.1117059E-005
    42.00000        0.1459390E-003   0.3654637E-003  -0.4021457E-004  -0.3830093E-005   0.3959745E-004   0.2081707E-005  -0.2217975E-005   0.1103642E-005
    42.10000        0.1421672E-003   0.3653327E-003  -0.3998498E-004  -0.3934187E-005   0.3939905E-004   0.2178128E-005  -0.2227755E-005   0.1090194E-005
    42.20000        0.1384162E-003   0.3651925E-003  -0.3975467E-004  -0.4037905E-005   0.3919967E-004   0.2273333E-005  -0.2237484E-005   0.1076730E-005
    42.30000        0.1346862E-003   0.3650429E-003  -0.3952366E-004  -0.4141246E-005   0.3899929E-004   0.2367317E-005  -0.2247133E-005   0.1063260E-005
    42.40000        0.1309771E-003   0.3648841E-003  -0.3929201E-004  -0.4244208E-005   0.3879793E-004   0.2460074E-005  -0.2256671E-005   0.1049797E-005
    42.50000        0.1272891E-003   0.3647161E-003  -0.3905973E-004  -0.4346782E-005   0.3859559E-004   0.2551604E-005  -0.2266070E-005   0.1036349E-005
    42.60000        0.1236221E-003   0.3645388E-003  -0.3882687E-004  -0.4448952E-005   0.3839228E-004   0.2641903E-005  -0.2275303E-005   0.1022925E-005
    42.70000        0.1199764E-003   0.3643524E-003  -0.3859348E-004  -0.4550700E-005   0.3818801E-004   0.2730972E-005  -0.2284343E-005   0.1009530E-005
    42.80000        0.1163519E-003   0.3641569E-003  -0.3835959E-004  -0.4652003E-005   0.3798280E-004   0.2818812E-005  -0.2293166E-005   0.9961704E-006
    42.90000        0.1127486E-003   0.3639523E-003  -0.3812524E-004  -0.4752832E-005   0.3777666E-004   0.2905423E-005  -0.2301748E-005   0.9828484E-006
    43.00000        0.1091667E-003   0.3637387E-003  -0.3789050E-004  -0.4853158E-005   0.3756962E-004   0.2990810E-005  -0.2310068E-005   0.9695661E-006
    43.10000        0.1056062E-003   0.3635161E-003  -0.3765538E-004  -0.4952947E-005   0.3736169E-004   0.3074974E-005  -0.2318106E-005   0.9563238E-006
    43.20000        0.1020671E-003   0.3632846E-003  -0.3741995E-004  -0.5052166E-005   0.3715290E-004   0.3157919E-005  -0.2325844E-005   0.9431207E-006
    43.30000        0.9854943E-004   0.3630442E-003  -0.3718424E-004  -0.5150778E-005   0.3694328E-004   0.3239649E-005  -0.2333267E-005   0.9299548E-006
    43.40000        0.9505327E-004   0.3627950E-003  -0.3694829E-004  -0.5248751E-005   0.3673285E-004   0.3320170E-005  -0.2340362E-005   0.9168229E-006
    43.50000        0.9157863E-004   0.3625370E-003  -0.3671215E-004  -0.5346050E-005   0.3652165E-004   0.3399485E-005  -0.2347118E-005   0.9037213E-006
    43.60000        0.8812553E-004   0.3622704E-003  -0.3647583E-004  -0.5442645E-005   0.3630970E-004   0.3477599E-005  -0.2353529E-005   0.8906457E-006
    43.70000        0.8469401E-004   0.3619951E-003  -0.3623936E-004  -0.5538505E-005   0.3609703E-004   0.3554519E-005  -0.2359589E-005   0.8775913E-006
    43.80000        0.8128407E-004   0.3617113E-003  -0.3600278E-004  -0.5633606E-005   0.3588367E-004   0.3630250E-005  -0.2365297E-005   0.8645530E-006
    43.90000        0.7789575E-004   0.3614190E-003  -0.3576610E-004  -0.5727924E-005   0.3566966E-004   0.3704797E-005  -0.2370656E-005   0.8515258E-006
    44.00000        0.7452905E-004   0.3611183E-003  -0.3552932E-004  -0.5821439E-005   0.3545502E-004   0.3778166E-005  -0.2375673E-005   0.8385047E-006
    44.10000        0.7118401E-004   0.3608093E-003  -0.3529245E-004  -0.5914134E-005   0.3523979E-004   0.3850363E-005  -0.2380356E-005   0.8254849E-006
    44.20000        0.6786063E-004   0.3604921E-003  -0.3505548E-004  -0.6005996E-005   0.3502399E-004   0.3921395E-005  -0.2384721E-005   0.8124616E-006
    44.30000        0.6455894E-004   0.3601667E-003  -0.3481842E-004  -0.6097012E-005   0.3480765E-004   0.3991268E-005  -0.2388785E-005   0.7994305E-006
    44.40000        0.6127895E-004   0.3598332E-003  -0.3458124E-004  -0.6187173E-005   0.3459079E-004   0.4059989E-005  -0.2392569E-005   0.7863871E-006
    44.50000        0.5802069E-004   0.3594917E-003  -0.3434391E-004  -0.6276472E-005   0.3437345E-004   0.4127564E-005  -0.2396101E-005   0.7733272E-006
    44.60000        0.5478419E-004   0.3591423E-003  -0.3410643E-004  -0.6364902E-005   0.3415563E-004   0.4194001E-005  -0.2399408E-005   0.7602464E-006
    44.70000        0.5156947E-004   0.3587850E-003  -0.3386874E-004  -0.6452458E-005   0.3393736E-004   0.4259306E-005  -0.2402525E-005   0.7471400E-006
    44.80000        0.4837657E-004   0.3584200E-003  -0.3363081E-004  -0.6539138E-005   0.3371864E-004   0.4323486E-005  -0.2405488E-005   0.7340028E-006
    44.90000        0.4520552E-004   0.3580472E-003  -0.3339261E-004  -0.6624939E-005   0.3349950E-004   0.4386549E-005  -0.2408334E-005   0.7208289E-006
    45.00000        0.4205636E-004   0.3576668E-003  -0.3315408E-004  -0.6709858E-005   0.3327994E-004   0.4448501E-005  -0.2411106E-005   0.7076113E-006
    45.10000        0.3892914E-004   0.3572788E-003  -0.3291517E-004  -0.6793897E-005   0.3305996E-004   0.4509349E-005  -0.2413847E-005   0.6943421E-006
    45.20000        0.3582392E-004   0.3568834E-003  -0.3267584E-004  -0.6877057E-005   0.3283955E-004   0.4569098E-005  -0.2416601E-005   0.6810121E-006
    45.30000        0.3274075E-004   0.3564805E-003  -0.3243602E-004  -0.6959339E-005   0.3261872E-004   0.4627754E-005  -0.2419412E-005   0.6676104E-006
    45.40000        0.2967969E-004   0.3560703E-003  -0.3219568E-004  -0.7040748E-005   0.3239745E-004   0.4685321E-005  -0.2422325E-005   0.6541250E-006
    45.50000        0.2664080E-004   0.3556527E-003  -0.3195474E-004  -0.7121291E-005   0.3217573E-004   0.4741802E-005  -0.2425385E-005   0.6405425E-006
    45.60000        0.2362418E-004   0.3552280E-003  -0.3171316E-004  -0.7200976E-005   0.3195354E-004   0.4797199E-005  -0.2428632E-005   0.6268479E-006
    45.70000        0.2062988E-004   0.3547960E-003  -0.3147089E-004  -0.7279816E-005   0.3173085E-004   0.4851514E-005  -0.2432108E-005   0.6130256E-006
    45.80000        0.1765800E-004   0.3543570E-003  -0.3122787E-004  -0.7357824E-005   0.3150765E-004   0.4904744E-005  -0.2435849E-005   0.5990589E-006
    45.90000        0.1470863E-004   0.3539109E-003  -0.3098406E-004  -0.7435020E-005   0.3128390E-004   0.4956887E-005  -0.2439890E-005   0.5849308E-006
    46.00000        0.1178187E-004   0.3534578E-003  -0.3073941E-004  -0.7511423E-005   0.3105958E-004   0.5007940E-005  -0.2444260E-005   0.5706247E-006
    46.10000        0.8877797E-005   0.3529977E-003  -0.3049389E-004  -0.7587059E-005   0.3083463E-004   0.5057897E-005  -0.2448986E-005   0.5561242E-006
    46.20000        0.5996532E-005   0.3525308E-003  -0.3024744E-004  -0.7661953E-005   0.3060904E-004   0.5106750E-005  -0.2454089E-005   0.5414146E-006
    46.30000        0.3138177E-005   0.3520569E-003  -0.3000004E-004  -0.7736133E-005   0.3038275E-004   0.5154490E-005  -0.2459587E-005   0.5264828E-006
    46.40000        0.3028424E-006   0.3515762E-003  -0.2975165E-004  -0.7809627E-005   0.3015574E-004   0.5201107E-005  -0.2465491E-005   0.5113185E-006
    46.50000       -0.2509358E-005   0.3510886E-003  -0.2950224E-004  -0.7882458E-005   0.2992795E-004   0.5246590E-005  -0.2471810E-005   0.4959147E-006
    46.60000       -0.5298306E-005   0.3505943E-003  -0.2925178E-004  -0.7954646E-005   0.2969935E-004   0.5290927E-005  -0.2478548E-005   0.4802684E-006
    46.70000       -0.8063882E-005   0.3500932E-003  -0.2900023E-004  -0.8026200E-005   0.2946989E-004   0.5334106E-005  -0.2485705E-005   0.4643809E-006
    46.80000       -0.1080596E-004   0.3495854E-003  -0.2874757E-004  -0.8097121E-005   0.2923953E-004   0.5376115E-005  -0.2493275E-005   0.4482589E-006
    46.90000       -0.1352442E-004   0.3490708E-003  -0.2849376E-004  -0.8167391E-005   0.2900824E-004   0.5416942E-005  -0.2501251E-005   0.4319145E-006
    47.00000       -0.1621912E-004   0.3485495E-003  -0.2823876E-004  -0.8236980E-005   0.2877596E-004   0.5456578E-005  -0.2509623E-005   0.4153650E-006
    47.10000       -0.1888994E-004   0.3480216E-003  -0.2798255E-004  -0.8305837E-005   0.2854267E-004   0.5495015E-005  -0.2518375E-005   0.3986337E-006
    47.20000       -0.2153673E-004   0.3474870E-003  -0.2772509E-004  -0.8373893E-005   0.2830832E-004   0.5532245E-005  -0.2527491E-005   0.3817488E-006
    47.30000       -0.2415936E-004   0.3469458E-003  -0.2746632E-004  -0.8441066E-005   0.2807287E-004   0.5568265E-005  -0.2536955E-005   0.3647432E-006
    47.40000       -0.2675767E-004   0.3463980E-003  -0.2720621E-004  -0.8507257E-005   0.2783630E-004   0.5603074E-005  -0.2546746E-005   0.3476540E-006
    47.50000       -0.2933151E-004   0.3458438E-003  -0.2694472E-004  -0.8572359E-005   0.2759858E-004   0.5636676E-005  -0.2556844E-005   0.3305211E-006
    47.60000       -0.3188074E-004   0.3452831E-003  -0.2668179E-004  -0.8636256E-005   0.2735966E-004   0.5669077E-005  -0.2567229E-005   0.3133866E-006
    47.70000       -0.3440518E-004   0.3447160E-003  -0.2641739E-004  -0.8698834E-005   0.2711952E-004   0.5700287E-005  -0.2577880E-005   0.2962934E-006
    47.80000       -0.3690468E-004   0.3441427E-003  -0.2615145E-004  -0.8759978E-005   0.2687814E-004   0.5730320E-005  -0.2588778E-005   0.2792844E-006
    47.90000       -0.3937906E-004   0.3435632E-003  -0.2588395E-004  -0.8819579E-005   0.2663548E-004   0.5759193E-005  -0.2599902E-005   0.2624015E-006
    48.00000       -0.4182815E-004   0.3429777E-003  -0.2561485E-004  -0.8877537E-005   0.2639154E-004   0.5786926E-005  -0.2611234E-005   0.2456845E-006
    48.10000       -0.4425178E-004   0.3423862E-003  -0.2534411E-004  -0.8933761E-005   0.2614628E-004   0.5813545E-005  -0.2622754E-005   0.2291701E-006
    48.20000       -0.4664976E-004   0.3417888E-003  -0.2507170E-004  -0.8988172E-005   0.2589969E-004   0.5839077E-005  -0.2634443E-005   0.2128919E-006
    48.30000       -0.4902191E-004   0.3411858E-003  -0.2479762E-004  -0.9040701E-005   0.2565175E-004   0.5863550E-005  -0.2646282E-005   0.1968791E-006
    48.40000       -0.5136805E-004   0.3405772E-003  -0.2452186E-004  -0.9091290E-005   0.2540245E-004   0.5886996E-005  -0.2658251E-005   0.1811563E-006
    48.50000       -0.5368799E-004   0.3399632E-003  -0.2424443E-004  -0.9139892E-005   0.2515177E-004   0.5909448E-005  -0.2670328E-005   0.1657431E-006
    48.60000       -0.5598157E-004   0.3393440E-003  -0.2396535E-004  -0.9186470E-005   0.2489970E-004   0.5930940E-005  -0.2682491E-005   0.1506543E-006
    48.70000       -0.5824858E-004   0.3387196E-003  -0.2368464E-004  -0.9230995E-005   0.2464624E-004   0.5951507E-005  -0.2694714E-005   0.1358990E-006
    48.80000       -0.6048887E-004   0.3380903E-003  -0.2340236E-004  -0.9273443E-005   0.2439138E-004   0.5971183E-005  -0.2706970E-005   0.1214812E-006
    48.90000       -0.6270226E-004   0.3374561E-003  -0.2311856E-004  -0.9313798E-005   0.2413512E-004   0.5990003E-005  -0.2719228E-005   0.1073994E-006
    49.00000       -0.6488859E-004   0.3368173E-003  -0.2283332E-004  -0.9352046E-005   0.2387746E-004   0.6008000E-005  -0.2731454E-005   0.9364693E-007
    49.10000       -0.6704770E-004   0.3361741E-003  -0.2254670E-004  -0.9388180E-005   0.2361841E-004   0.6025204E-005  -0.2743612E-005   0.8021214E-007
    49.20000       -0.6917944E-004   0.3355264E-003  -0.2225878E-004  -0.9422191E-005   0.2335797E-004   0.6041645E-005  -0.2755662E-005   0.6707856E-007
    49.30000       -0.7128369E-004   0.3348746E-003  -0.2196966E-004  -0.9454077E-005   0.2309617E-004   0.6057351E-005  -0.2767559E-005   0.5422538E-007
    49.40000       -0.7336029E-004   0.3342188E-003  -0.2167943E-004  -0.9483834E-005   0.2283302E-004   0.6072346E-005  -0.2779258E-005   0.4162791E-007
    49.50000       -0.7540915E-004   0.3335591E-003  -0.2138817E-004  -0.9511461E-005   0.2256855E-004   0.6086650E-005  -0.2790711E-005   0.2925820E-007
    49.60000       -0.7743013E-004   0.3328957E-003  -0.2109597E-004  -0.9536960E-005   0.2230278E-004   0.6100282E-005  -0.2801867E-005   0.1708578E-007
    49.70000       -0.7942315E-004   0.3322287E-003  -0.2080293E-004  -0.9560334E-005   0.2203575E-004   0.6113255E-005  -0.2812673E-005   0.5078466E-008
    49.80000       -0.8138810E-004   0.3315583E-003  -0.2050912E-004  -0.9581587E-005   0.2176751E-004   0.6125580E-005  -0.2823077E-005  -0.6796727E-008
    49.90000       -0.8332490E-004   0.3308848E-003  -0.2021463E-004  -0.9600726E-005   0.2149809E-004   0.6137262E-005  -0.2833026E-005  -0.1857260E-007
