### Raw data #######################################
#   nrec = 10001                                   #
#   delta_t = 0.1000000                            #
### Sampling for ensemble average ##################
#   ista = 2000                                    #
#   nperiod = 500                                  #
#   nshift = 1                                     #
#   nsample= (nrec-ista-nperiod)/nshift+1 = 7502   #
####################################################
#       [1]t       [2]Re[<r(t)r*>]  [3]Im[<r(t)r*>] [4]Re[<r(t)u*>/sqrt(<rr*><uu*>)] [5]Im[<r(t)u*>/sqrt(<rr*><uu*>)] [6]Re[<f(t)u*>/sqrt(<ff*><uu*>)] [7]Im[<f(t)u*>/sqrt(<ff*><uu*>)]
    0.000000        0.1387556E-004    0.000000        0.2710959E-016   0.2955745E-016  -0.4919729E-002   0.3478109E-001
   0.1000000        0.1386863E-004   0.4285113E-008   0.7703032E-004   0.6598627E-005  -0.1209577E-001   0.3487540E-001
   0.2000000        0.1384840E-004   0.8633696E-008   0.1536978E-003   0.9460844E-005  -0.1926695E-001   0.3495990E-001
   0.3000000        0.1381505E-004   0.1309759E-007   0.2298469E-003   0.8650054E-005  -0.2642598E-001   0.3503463E-001
   0.4000000        0.1376888E-004   0.1772513E-007   0.3053510E-003   0.4281583E-005  -0.3356565E-001   0.3509965E-001
   0.5000000        0.1371031E-004   0.2256000E-007   0.3801108E-003  -0.3482951E-005  -0.4067888E-001   0.3515503E-001
   0.6000000        0.1363985E-004   0.2764021E-007   0.4540526E-003  -0.1444219E-004  -0.4775879E-001   0.3520087E-001
   0.7000000        0.1355811E-004   0.3299718E-007   0.5271268E-003  -0.2836197E-004  -0.5479878E-001   0.3523731E-001
   0.8000000        0.1346578E-004   0.3865486E-007   0.5993052E-003  -0.4498226E-004  -0.6179252E-001   0.3526446E-001
   0.9000000        0.1336361E-004   0.4462906E-007   0.6705786E-003  -0.6402363E-004  -0.6873406E-001   0.3528248E-001
    1.000000        0.1325242E-004   0.5092682E-007   0.7409544E-003  -0.8519319E-004  -0.7561783E-001   0.3529150E-001
    1.100000        0.1313305E-004   0.5754603E-007   0.8104535E-003  -0.1081897E-003  -0.8243867E-001   0.3529170E-001
    1.200000        0.1300637E-004   0.6447515E-007   0.8791082E-003  -0.1327079E-003  -0.8919188E-001   0.3528324E-001
    1.300000        0.1287325E-004   0.7169311E-007   0.9469591E-003  -0.1584424E-003  -0.9587319E-001   0.3526630E-001
    1.400000        0.1273456E-004   0.7916943E-007   0.1014053E-002  -0.1850901E-003  -0.1024788        0.3524107E-001
    1.500000        0.1259117E-004   0.8686450E-007   0.1080440E-002  -0.2123531E-003  -0.1090054        0.3520774E-001
    1.600000        0.1244390E-004   0.9473001E-007   0.1146175E-002  -0.2399404E-003  -0.1154501        0.3516655E-001
    1.700000        0.1229355E-004   0.1027096E-006   0.1211312E-002  -0.2675695E-003  -0.1218104        0.3511774E-001
    1.800000        0.1214087E-004   0.1107397E-006   0.1275908E-002  -0.2949677E-003  -0.1280844        0.3506155E-001
    1.900000        0.1198658E-004   0.1187502E-006   0.1340019E-002  -0.3218734E-003  -0.1342704        0.3499829E-001
    2.000000        0.1183133E-004   0.1266659E-006   0.1403705E-002  -0.3480376E-003  -0.1403671        0.3492826E-001
    2.100000        0.1167571E-004   0.1344071E-006   0.1467028E-002  -0.3732248E-003  -0.1463737        0.3485181E-001
    2.200000        0.1152026E-004   0.1418914E-006   0.1530057E-002  -0.3972154E-003  -0.1522897        0.3476930E-001
    2.300000        0.1136548E-004   0.1490342E-006   0.1592866E-002  -0.4198071E-003  -0.1581146        0.3468114E-001
    2.400000        0.1121178E-004   0.1557507E-006   0.1655538E-002  -0.4408174E-003  -0.1638486        0.3458774E-001
    2.500000        0.1105954E-004   0.1619566E-006   0.1718169E-002  -0.4600863E-003  -0.1694917        0.3448955E-001
    2.600000        0.1090907E-004   0.1675697E-006   0.1780868E-002  -0.4774787E-003  -0.1750444        0.3438704E-001
    2.700000        0.1076062E-004   0.1725110E-006   0.1843758E-002  -0.4928876E-003  -0.1805072        0.3428069E-001
    2.800000        0.1061442E-004   0.1767056E-006   0.1906979E-002  -0.5062359E-003  -0.1858807        0.3417098E-001
    2.900000        0.1047062E-004   0.1800843E-006   0.1970686E-002  -0.5174781E-003  -0.1911658        0.3405843E-001
    3.000000        0.1032935E-004   0.1825844E-006   0.2035049E-002  -0.5266008E-003  -0.1963634        0.3394354E-001
    3.100000        0.1019069E-004   0.1841507E-006   0.2100252E-002  -0.5336210E-003  -0.2014742        0.3382681E-001
    3.200000        0.1005468E-004   0.1847362E-006   0.2166484E-002  -0.5385829E-003  -0.2064995        0.3370876E-001
    3.300000        0.9921342E-005   0.1843031E-006   0.2233940E-002  -0.5415521E-003  -0.2114400        0.3358989E-001
    3.400000        0.9790656E-005   0.1828234E-006   0.2302808E-002  -0.5426080E-003  -0.2162970        0.3347073E-001
    3.500000        0.9662583E-005   0.1802796E-006   0.2373260E-002  -0.5418336E-003  -0.2210714        0.3335180E-001
    3.600000        0.9537065E-005   0.1766648E-006   0.2445448E-002  -0.5393044E-003  -0.2257643        0.3323364E-001
    3.700000        0.9414021E-005   0.1719831E-006   0.2519484E-002  -0.5350771E-003  -0.2303769        0.3311682E-001
    3.800000        0.9293362E-005   0.1662500E-006   0.2595436E-002  -0.5291783E-003  -0.2349102        0.3300193E-001
    3.900000        0.9174984E-005   0.1594920E-006   0.2673318E-002  -0.5215963E-003  -0.2393653        0.3288959E-001
    4.000000        0.9058775E-005   0.1517463E-006   0.2753080E-002  -0.5122751E-003  -0.2437435        0.3278044E-001
    4.100000        0.8944622E-005   0.1430604E-006   0.2834610E-002  -0.5011134E-003  -0.2480459        0.3267517E-001
    4.200000        0.8832403E-005   0.1334916E-006   0.2917733E-002  -0.4879671E-003  -0.2522736        0.3257445E-001
    4.300000        0.8722002E-005   0.1231056E-006   0.3002215E-002  -0.4726571E-003  -0.2564279        0.3247898E-001
    4.400000        0.8613299E-005   0.1119756E-006   0.3087777E-002  -0.4549804E-003  -0.2605101        0.3238945E-001
    4.500000        0.8506180E-005   0.1001811E-006   0.3174104E-002  -0.4347237E-003  -0.2645211        0.3230649E-001
    4.600000        0.8400534E-005   0.8780636E-007   0.3260861E-002  -0.4116780E-003  -0.2684623        0.3223071E-001
    4.700000        0.8296255E-005   0.7493875E-007   0.3347708E-002  -0.3856533E-003  -0.2723346        0.3216265E-001
    4.800000        0.8193245E-005   0.6166760E-007   0.3434315E-002  -0.3564910E-003  -0.2761392        0.3210277E-001
    4.900000        0.8091411E-005   0.4808260E-007   0.3520376E-002  -0.3240744E-003  -0.2798770        0.3205144E-001
    5.000000        0.7990666E-005   0.3427240E-007   0.3605618E-002  -0.2883351E-003  -0.2835490        0.3200892E-001
    5.100000        0.7890933E-005   0.2032338E-007   0.3689809E-002  -0.2492577E-003  -0.2871559        0.3197539E-001
    5.200000        0.7792138E-005   0.6318446E-008   0.3772764E-002  -0.2068798E-003  -0.2906986        0.3195092E-001
    5.300000        0.7694219E-005  -0.7664050E-008   0.3854349E-002  -0.1612911E-003  -0.2941776        0.3193549E-001
    5.400000        0.7597117E-005  -0.2155124E-007   0.3934476E-002  -0.1126300E-003  -0.2975936        0.3192897E-001
    5.500000        0.7500779E-005  -0.3527659E-007   0.4013107E-002  -0.6107926E-004  -0.3009471        0.3193117E-001
    5.600000        0.7405161E-005  -0.4878066E-007   0.4090247E-002  -0.6861614E-005  -0.3042386        0.3194181E-001
    5.700000        0.7310223E-005  -0.6201172E-007   0.4165945E-002   0.4976537E-004  -0.3074684        0.3196054E-001
    5.800000        0.7215929E-005  -0.7492627E-007   0.4240284E-002   0.1085135E-003  -0.3106369        0.3198697E-001
    5.900000        0.7122249E-005  -0.8748948E-007   0.4313377E-002   0.1690680E-003  -0.3137445        0.3202064E-001
    6.000000        0.7029156E-005  -0.9967548E-007   0.4385368E-002   0.2310909E-003  -0.3167913        0.3206106E-001
    6.100000        0.6936629E-005  -0.1114675E-006   0.4456419E-002   0.2942243E-003  -0.3197776        0.3210770E-001
    6.200000        0.6844646E-005  -0.1228581E-006   0.4526711E-002   0.3580927E-003  -0.3227036        0.3215999E-001
    6.300000        0.6753191E-005  -0.1338489E-006   0.4596436E-002   0.4223061E-003  -0.3255696        0.3221737E-001
    6.400000        0.6662248E-005  -0.1444503E-006   0.4665796E-002   0.4864620E-003  -0.3283756        0.3227926E-001
    6.500000        0.6571804E-005  -0.1546815E-006   0.4734996E-002   0.5501486E-003  -0.3311218        0.3234505E-001
    6.600000        0.6481846E-005  -0.1645695E-006   0.4804242E-002   0.6129477E-003  -0.3338084        0.3241416E-001
    6.700000        0.6392363E-005  -0.1741490E-006   0.4873736E-002   0.6744381E-003  -0.3364356        0.3248603E-001
    6.800000        0.6303343E-005  -0.1834611E-006   0.4943677E-002   0.7342001E-003  -0.3390035        0.3256009E-001
    6.900000        0.6214776E-005  -0.1925528E-006   0.5014252E-002   0.7918199E-003  -0.3415123        0.3263582E-001
    7.000000        0.6126653E-005  -0.2014760E-006   0.5085643E-002   0.8468949E-003  -0.3439621        0.3271273E-001
    7.100000        0.6038964E-005  -0.2102863E-006   0.5158016E-002   0.8990397E-003  -0.3463532        0.3279037E-001
    7.200000        0.5951698E-005  -0.2190418E-006   0.5231526E-002   0.9478924E-003  -0.3486857        0.3286836E-001
    7.300000        0.5864848E-005  -0.2278024E-006   0.5306314E-002   0.9931209E-003  -0.3509598        0.3294637E-001
    7.400000        0.5778405E-005  -0.2366281E-006   0.5382506E-002   0.1034430E-002  -0.3531757        0.3302413E-001
    7.500000        0.5692361E-005  -0.2455784E-006   0.5460212E-002   0.1071567E-002  -0.3553337        0.3310146E-001
    7.600000        0.5606710E-005  -0.2547107E-006   0.5539530E-002   0.1104330E-002  -0.3574340        0.3317827E-001
    7.700000        0.5521446E-005  -0.2640796E-006   0.5620537E-002   0.1132566E-002  -0.3594769        0.3325453E-001
    7.800000        0.5436565E-005  -0.2737360E-006   0.5703299E-002   0.1156185E-002  -0.3614625        0.3333031E-001
    7.900000        0.5352063E-005  -0.2837262E-006   0.5787863E-002   0.1175153E-002  -0.3633912        0.3340577E-001
    8.000000        0.5267942E-005  -0.2940911E-006   0.5874258E-002   0.1189495E-002  -0.3652633        0.3348115E-001
    8.100000        0.5184200E-005  -0.3048657E-006   0.5962500E-002   0.1199296E-002  -0.3670791        0.3355678E-001
    8.200000        0.5100842E-005  -0.3160788E-006   0.6052584E-002   0.1204696E-002  -0.3688388        0.3363305E-001
    8.300000        0.5017873E-005  -0.3277524E-006   0.6144487E-002   0.1205885E-002  -0.3705430        0.3371042E-001
    8.400000        0.4935302E-005  -0.3399018E-006   0.6238169E-002   0.1203094E-002  -0.3721918        0.3378942E-001
    8.500000        0.4853140E-005  -0.3525351E-006   0.6333571E-002   0.1196595E-002  -0.3737857        0.3387061E-001
    8.600000        0.4771402E-005  -0.3656538E-006   0.6430615E-002   0.1186687E-002  -0.3753252        0.3395459E-001
    8.700000        0.4690104E-005  -0.3792524E-006   0.6529204E-002   0.1173689E-002  -0.3768106        0.3404198E-001
    8.800000        0.4609268E-005  -0.3933190E-006   0.6629224E-002   0.1157937E-002  -0.3782425        0.3413342E-001
    8.900000        0.4528919E-005  -0.4078352E-006   0.6730545E-002   0.1139772E-002  -0.3796212        0.3422953E-001
    9.000000        0.4449086E-005  -0.4227770E-006   0.6833024E-002   0.1119536E-002  -0.3809474        0.3433096E-001
    9.100000        0.4369803E-005  -0.4381145E-006   0.6936504E-002   0.1097570E-002  -0.3822215        0.3443830E-001
    9.200000        0.4291107E-005  -0.4538131E-006   0.7040822E-002   0.1074207E-002  -0.3834441        0.3455216E-001
    9.300000        0.4213039E-005  -0.4698335E-006   0.7145808E-002   0.1049771E-002  -0.3846159        0.3467308E-001
    9.400000        0.4135648E-005  -0.4861325E-006   0.7251290E-002   0.1024576E-002  -0.3857374        0.3480161E-001
    9.500000        0.4058984E-005  -0.5026635E-006   0.7357099E-002   0.9989276E-003  -0.3868092        0.3493823E-001
    9.600000        0.3983104E-005  -0.5193770E-006   0.7463068E-002   0.9731213E-003  -0.3878320        0.3508342E-001
    9.700000        0.3908066E-005  -0.5362215E-006   0.7569039E-002   0.9474449E-003  -0.3888065        0.3523760E-001
    9.800000        0.3833935E-005  -0.5531438E-006   0.7674859E-002   0.9221798E-003  -0.3897334        0.3540116E-001
    9.900000        0.3760779E-005  -0.5700899E-006   0.7780385E-002   0.8976030E-003  -0.3906134        0.3557448E-001
    10.00000        0.3688665E-005  -0.5870055E-006   0.7885481E-002   0.8739881E-003  -0.3914473        0.3575786E-001
    10.10000        0.3617666E-005  -0.6038366E-006   0.7990017E-002   0.8516066E-003  -0.3922358        0.3595162E-001
    10.20000        0.3547854E-005  -0.6205300E-006   0.8093864E-002   0.8307285E-003  -0.3929797        0.3615601E-001
    10.30000        0.3479300E-005  -0.6370343E-006   0.8196896E-002   0.8116218E-003  -0.3936798        0.3637126E-001
    10.40000        0.3412076E-005  -0.6533000E-006   0.8298984E-002   0.7945513E-003  -0.3943371        0.3659757E-001
    10.50000        0.3346249E-005  -0.6692803E-006   0.8399994E-002   0.7797772E-003  -0.3949525        0.3683512E-001
    10.60000        0.3281884E-005  -0.6849317E-006   0.8499787E-002   0.7675518E-003  -0.3955270        0.3708402E-001
    10.70000        0.3219042E-005  -0.7002142E-006   0.8598220E-002   0.7581165E-003  -0.3960614        0.3734438E-001
    10.80000        0.3157777E-005  -0.7150923E-006   0.8695146E-002   0.7516971E-003  -0.3965570        0.3761624E-001
    10.90000        0.3098138E-005  -0.7295348E-006   0.8790418E-002   0.7485002E-003  -0.3970146        0.3789964E-001
    11.00000        0.3040167E-005  -0.7435156E-006   0.8883892E-002   0.7487081E-003  -0.3974354        0.3819453E-001
    11.10000        0.2983897E-005  -0.7570139E-006   0.8975435E-002   0.7524752E-003  -0.3978205        0.3850084E-001
    11.20000        0.2929355E-005  -0.7700146E-006   0.9064933E-002   0.7599237E-003  -0.3981710        0.3881847E-001
    11.30000        0.2876558E-005  -0.7825079E-006   0.9152290E-002   0.7711415E-003  -0.3984879        0.3914723E-001
    11.40000        0.2825517E-005  -0.7944900E-006   0.9237441E-002   0.7861796E-003  -0.3987723        0.3948694E-001
    11.50000        0.2776233E-005  -0.8059624E-006   0.9320353E-002   0.8050511E-003  -0.3990252        0.3983732E-001
    11.60000        0.2728700E-005  -0.8169324E-006   0.9401030E-002   0.8277315E-003  -0.3992475        0.4019811E-001
    11.70000        0.2682905E-005  -0.8274120E-006   0.9479514E-002   0.8541591E-003  -0.3994403        0.4056896E-001
    11.80000        0.2638830E-005  -0.8374182E-006   0.9555882E-002   0.8842363E-003  -0.3996045        0.4094951E-001
    11.90000        0.2596449E-005  -0.8469722E-006   0.9630249E-002   0.9178313E-003  -0.3997408        0.4133939E-001
    12.00000        0.2555733E-005  -0.8560992E-006   0.9702761E-002   0.9547804E-003  -0.3998501        0.4173819E-001
    12.10000        0.2516647E-005  -0.8648277E-006   0.9773589E-002   0.9948905E-003  -0.3999332        0.4214546E-001
    12.20000        0.2479154E-005  -0.8731890E-006   0.9842928E-002   0.1037941E-002  -0.3999907        0.4256076E-001
    12.30000        0.2443214E-005  -0.8812172E-006   0.9910989E-002   0.1083689E-002  -0.4000234        0.4298365E-001
    12.40000        0.2408786E-005  -0.8889482E-006   0.9977991E-002   0.1131868E-002  -0.4000319        0.4341366E-001
    12.50000        0.2375828E-005  -0.8964198E-006   0.1004416E-001   0.1182197E-002  -0.4000169        0.4385033E-001
    12.60000        0.2344298E-005  -0.9036709E-006   0.1010972E-001   0.1234382E-002  -0.3999790        0.4429320E-001
    12.70000        0.2314154E-005  -0.9107415E-006   0.1017490E-001   0.1288121E-002  -0.3999187        0.4474183E-001
    12.80000        0.2285354E-005  -0.9176721E-006   0.1023990E-001   0.1343108E-002  -0.3998367        0.4519578E-001
    12.90000        0.2257860E-005  -0.9245033E-006   0.1030495E-001   0.1399039E-002  -0.3997334        0.4565465E-001
    13.00000        0.2231634E-005  -0.9312756E-006   0.1037022E-001   0.1455618E-002  -0.3996095        0.4611805E-001
    13.10000        0.2206640E-005  -0.9380284E-006   0.1043589E-001   0.1512559E-002  -0.3994655        0.4658563E-001
    13.20000        0.2182844E-005  -0.9447999E-006   0.1050213E-001   0.1569591E-002  -0.3993020        0.4705707E-001
    13.30000        0.2160214E-005  -0.9516260E-006   0.1056908E-001   0.1626465E-002  -0.3991195        0.4753209E-001
    13.40000        0.2138721E-005  -0.9585402E-006   0.1063683E-001   0.1682950E-002  -0.3989186        0.4801044E-001
    13.50000        0.2118336E-005  -0.9655724E-006   0.1070549E-001   0.1738839E-002  -0.3986998        0.4849192E-001
    13.60000        0.2099034E-005  -0.9727487E-006   0.1077512E-001   0.1793948E-002  -0.3984638        0.4897636E-001
    13.70000        0.2080790E-005  -0.9800904E-006   0.1084574E-001   0.1848114E-002  -0.3982111        0.4946362E-001
    13.80000        0.2063579E-005  -0.9876136E-006   0.1091735E-001   0.1901193E-002  -0.3979424        0.4995358E-001
    13.90000        0.2047377E-005  -0.9953285E-006   0.1098993E-001   0.1953059E-002  -0.3976582        0.5044617E-001
    14.00000        0.2032163E-005  -0.1003240E-005   0.1106340E-001   0.2003597E-002  -0.3973594        0.5094131E-001
    14.10000        0.2017913E-005  -0.1011345E-005   0.1113768E-001   0.2052701E-002  -0.3970464        0.5143893E-001
    14.20000        0.2004604E-005  -0.1019636E-005   0.1121266E-001   0.2100267E-002  -0.3967201        0.5193898E-001
    14.30000        0.1992212E-005  -0.1028097E-005   0.1128822E-001   0.2146191E-002  -0.3963810        0.5244136E-001
    14.40000        0.1980712E-005  -0.1036709E-005   0.1136420E-001   0.2190361E-002  -0.3960299        0.5294599E-001
    14.50000        0.1970079E-005  -0.1045444E-005   0.1144047E-001   0.2232657E-002  -0.3956674        0.5345276E-001
    14.60000        0.1960286E-005  -0.1054270E-005   0.1151690E-001   0.2272946E-002  -0.3952941        0.5396151E-001
    14.70000        0.1951305E-005  -0.1063151E-005   0.1159336E-001   0.2311080E-002  -0.3949107        0.5447208E-001
    14.80000        0.1943107E-005  -0.1072046E-005   0.1166976E-001   0.2346898E-002  -0.3945178        0.5498424E-001
    14.90000        0.1935662E-005  -0.1080911E-005   0.1174604E-001   0.2380224E-002  -0.3941158        0.5549774E-001
    15.00000        0.1928939E-005  -0.1089700E-005   0.1182217E-001   0.2410871E-002  -0.3937053        0.5601229E-001
    15.10000        0.1922905E-005  -0.1098364E-005   0.1189815E-001   0.2438647E-002  -0.3932866        0.5652757E-001
    15.20000        0.1917528E-005  -0.1106854E-005   0.1197402E-001   0.2463358E-002  -0.3928602        0.5704322E-001
    15.30000        0.1912775E-005  -0.1115121E-005   0.1204986E-001   0.2484817E-002  -0.3924262        0.5755889E-001
    15.40000        0.1908611E-005  -0.1123114E-005   0.1212578E-001   0.2502851E-002  -0.3919851        0.5807417E-001
    15.50000        0.1905005E-005  -0.1130786E-005   0.1220190E-001   0.2517313E-002  -0.3915370        0.5858869E-001
    15.60000        0.1901923E-005  -0.1138087E-005   0.1227835E-001   0.2528086E-002  -0.3910821        0.5910206E-001
    15.70000        0.1899334E-005  -0.1144972E-005   0.1235529E-001   0.2535095E-002  -0.3906206        0.5961391E-001
    15.80000        0.1897207E-005  -0.1151396E-005   0.1243283E-001   0.2538309E-002  -0.3901526        0.6012390E-001
    15.90000        0.1895514E-005  -0.1157319E-005   0.1251112E-001   0.2537750E-002  -0.3896784        0.6063169E-001
    16.00000        0.1894228E-005  -0.1162702E-005   0.1259024E-001   0.2533491E-002  -0.3891981        0.6113700E-001
    16.10000        0.1893326E-005  -0.1167510E-005   0.1267030E-001   0.2525652E-002  -0.3887118        0.6163957E-001
    16.20000        0.1892786E-005  -0.1171713E-005   0.1275134E-001   0.2514402E-002  -0.3882197        0.6213915E-001
    16.30000        0.1892593E-005  -0.1175286E-005   0.1283339E-001   0.2499944E-002  -0.3877221        0.6263554E-001
    16.40000        0.1892730E-005  -0.1178207E-005   0.1291646E-001   0.2482512E-002  -0.3872191        0.6312852E-001
    16.50000        0.1893189E-005  -0.1180463E-005   0.1300054E-001   0.2462354E-002  -0.3867111        0.6361792E-001
    16.60000        0.1893962E-005  -0.1182043E-005   0.1308558E-001   0.2439725E-002  -0.3861982        0.6410353E-001
    16.70000        0.1895046E-005  -0.1182946E-005   0.1317152E-001   0.2414878E-002  -0.3856807        0.6458515E-001
    16.80000        0.1896443E-005  -0.1183175E-005   0.1325830E-001   0.2388046E-002  -0.3851589        0.6506256E-001
    16.90000        0.1898157E-005  -0.1182741E-005   0.1334583E-001   0.2359445E-002  -0.3846331        0.6553553E-001
    17.00000        0.1900193E-005  -0.1181661E-005   0.1343402E-001   0.2329258E-002  -0.3841036        0.6600380E-001
    17.10000        0.1902564E-005  -0.1179957E-005   0.1352276E-001   0.2297637E-002  -0.3835708        0.6646709E-001
    17.20000        0.1905281E-005  -0.1177657E-005   0.1361196E-001   0.2264697E-002  -0.3830350        0.6692510E-001
    17.30000        0.1908359E-005  -0.1174795E-005   0.1370150E-001   0.2230520E-002  -0.3824964        0.6737750E-001
    17.40000        0.1911813E-005  -0.1171408E-005   0.1379129E-001   0.2195153E-002  -0.3819555        0.6782397E-001
    17.50000        0.1915660E-005  -0.1167538E-005   0.1388121E-001   0.2158610E-002  -0.3814127        0.6826415E-001
    17.60000        0.1919917E-005  -0.1163228E-005   0.1397116E-001   0.2120878E-002  -0.3808683        0.6869770E-001
    17.70000        0.1924600E-005  -0.1158523E-005   0.1406103E-001   0.2081919E-002  -0.3803227        0.6912427E-001
    17.80000        0.1929725E-005  -0.1153469E-005   0.1415072E-001   0.2041677E-002  -0.3797762        0.6954352E-001
    17.90000        0.1935306E-005  -0.1148113E-005   0.1424012E-001   0.2000075E-002  -0.3792294        0.6995511E-001
    18.00000        0.1941355E-005  -0.1142499E-005   0.1432911E-001   0.1957028E-002  -0.3786826        0.7035872E-001
    18.10000        0.1947879E-005  -0.1136669E-005   0.1441761E-001   0.1912441E-002  -0.3781362        0.7075405E-001
    18.20000        0.1954886E-005  -0.1130663E-005   0.1450549E-001   0.1866212E-002  -0.3775907        0.7114080E-001
    18.30000        0.1962377E-005  -0.1124517E-005   0.1459265E-001   0.1818236E-002  -0.3770464        0.7151873E-001
    18.40000        0.1970350E-005  -0.1118264E-005   0.1467900E-001   0.1768408E-002  -0.3765039        0.7188757E-001
    18.50000        0.1978800E-005  -0.1111930E-005   0.1476441E-001   0.1716623E-002  -0.3759636        0.7224709E-001
    18.60000        0.1987715E-005  -0.1105539E-005   0.1484879E-001   0.1662776E-002  -0.3754258        0.7259709E-001
    18.70000        0.1997080E-005  -0.1099109E-005   0.1493204E-001   0.1606767E-002  -0.3748910        0.7293737E-001
    18.80000        0.2006875E-005  -0.1092654E-005   0.1501407E-001   0.1548497E-002  -0.3743597        0.7326774E-001
    18.90000        0.2017076E-005  -0.1086183E-005   0.1509478E-001   0.1487874E-002  -0.3738321        0.7358803E-001
    19.00000        0.2027655E-005  -0.1079701E-005   0.1517411E-001   0.1424809E-002  -0.3733086        0.7389810E-001
    19.10000        0.2038577E-005  -0.1073209E-005   0.1525198E-001   0.1359219E-002  -0.3727897        0.7419779E-001
    19.20000        0.2049806E-005  -0.1066706E-005   0.1532835E-001   0.1291031E-002  -0.3722755        0.7448696E-001
    19.30000        0.2061301E-005  -0.1060187E-005   0.1540318E-001   0.1220177E-002  -0.3717664        0.7476549E-001
    19.40000        0.2073019E-005  -0.1053646E-005   0.1547643E-001   0.1146602E-002  -0.3712626        0.7503326E-001
    19.50000        0.2084913E-005  -0.1047073E-005   0.1554811E-001   0.1070266E-002  -0.3707643        0.7529016E-001
    19.60000        0.2096935E-005  -0.1040460E-005   0.1561821E-001   0.9911437E-003  -0.3702716        0.7553611E-001
    19.70000        0.2109034E-005  -0.1033797E-005   0.1568676E-001   0.9092298E-003  -0.3697846        0.7577103E-001
    19.80000        0.2121159E-005  -0.1027073E-005   0.1575380E-001   0.8245439E-003  -0.3693035        0.7599488E-001
    19.90000        0.2133258E-005  -0.1020279E-005   0.1581938E-001   0.7371331E-003  -0.3688282        0.7620762E-001
    20.00000        0.2145277E-005  -0.1013405E-005   0.1588357E-001   0.6470757E-003  -0.3683587        0.7640927E-001
    20.10000        0.2157166E-005  -0.1006444E-005   0.1594647E-001   0.5544839E-003  -0.3678950        0.7659984E-001
    20.20000        0.2168871E-005  -0.9993872E-006   0.1600819E-001   0.4595057E-003  -0.3674368        0.7677942E-001
    20.30000        0.2180341E-005  -0.9922303E-006   0.1606885E-001   0.3623252E-003  -0.3669841        0.7694811E-001
    20.40000        0.2191528E-005  -0.9849689E-006   0.1612861E-001   0.2631608E-003  -0.3665366        0.7710603E-001
    20.50000        0.2202381E-005  -0.9776007E-006   0.1618762E-001   0.1622630E-003  -0.3660941        0.7725337E-001
    20.60000        0.2212855E-005  -0.9701251E-006   0.1624606E-001   0.5990929E-004  -0.3656562        0.7739032E-001
    20.70000        0.2222903E-005  -0.9625429E-006   0.1630414E-001  -0.4360085E-004  -0.3652227        0.7751710E-001
    20.80000        0.2232482E-005  -0.9548565E-006   0.1636205E-001  -0.1479525E-003  -0.3647931        0.7763396E-001
    20.90000        0.2241551E-005  -0.9470697E-006   0.1642000E-001  -0.2528215E-003  -0.3643670        0.7774113E-001
    21.00000        0.2250071E-005  -0.9391878E-006   0.1647820E-001  -0.3578805E-003  -0.3639440        0.7783890E-001
    21.10000        0.2258008E-005  -0.9312172E-006   0.1653687E-001  -0.4628042E-003  -0.3635236        0.7792750E-001
    21.20000        0.2265329E-005  -0.9231660E-006   0.1659620E-001  -0.5672737E-003  -0.3631054        0.7800722E-001
    21.30000        0.2272005E-005  -0.9150438E-006   0.1665641E-001  -0.6709800E-003  -0.3626888        0.7807829E-001
    21.40000        0.2278013E-005  -0.9068617E-006   0.1671768E-001  -0.7736261E-003  -0.3622735        0.7814098E-001
    21.50000        0.2283334E-005  -0.8986330E-006   0.1678020E-001  -0.8749285E-003  -0.3618588        0.7819552E-001
    21.60000        0.2287955E-005  -0.8903729E-006   0.1684415E-001  -0.9746181E-003  -0.3614443        0.7824216E-001
    21.70000        0.2291866E-005  -0.8820994E-006   0.1690968E-001  -0.1072441E-002  -0.3610295        0.7828113E-001
    21.80000        0.2295066E-005  -0.8738329E-006   0.1697695E-001  -0.1168157E-002  -0.3606139        0.7831265E-001
    21.90000        0.2297558E-005  -0.8655969E-006   0.1704609E-001  -0.1261545E-002  -0.3601971        0.7833696E-001
    22.00000        0.2299352E-005  -0.8574179E-006   0.1711721E-001  -0.1352398E-002  -0.3597785        0.7835427E-001
    22.10000        0.2300464E-005  -0.8493255E-006   0.1719039E-001  -0.1440531E-002  -0.3593578        0.7836479E-001
    22.20000        0.2300916E-005  -0.8413525E-006   0.1726569E-001  -0.1525777E-002  -0.3589346        0.7836874E-001
    22.30000        0.2300733E-005  -0.8335344E-006   0.1734312E-001  -0.1607994E-002  -0.3585086        0.7836633E-001
    22.40000        0.2299948E-005  -0.8259095E-006   0.1742268E-001  -0.1687068E-002  -0.3580794        0.7835776E-001
    22.50000        0.2298596E-005  -0.8185183E-006   0.1750430E-001  -0.1762909E-002  -0.3576470        0.7834321E-001
    22.60000        0.2296718E-005  -0.8114028E-006   0.1758786E-001  -0.1835459E-002  -0.3572110        0.7832288E-001
    22.70000        0.2294355E-005  -0.8046059E-006   0.1767321E-001  -0.1904690E-002  -0.3567715        0.7829694E-001
    22.80000        0.2291553E-005  -0.7981710E-006   0.1776015E-001  -0.1970602E-002  -0.3563285        0.7826556E-001
    22.90000        0.2288359E-005  -0.7921406E-006   0.1784840E-001  -0.2033222E-002  -0.3558819        0.7822891E-001
    23.00000        0.2284820E-005  -0.7865560E-006   0.1793767E-001  -0.2092596E-002  -0.3554320        0.7818717E-001
    23.10000        0.2280983E-005  -0.7814558E-006   0.1802761E-001  -0.2148794E-002  -0.3549789        0.7814049E-001
    23.20000        0.2276896E-005  -0.7768752E-006   0.1811785E-001  -0.2201894E-002  -0.3545229        0.7808906E-001
    23.30000        0.2272605E-005  -0.7728449E-006   0.1820799E-001  -0.2251986E-002  -0.3540644        0.7803307E-001
    23.40000        0.2268156E-005  -0.7693897E-006   0.1829761E-001  -0.2299161E-002  -0.3536035        0.7797272E-001
    23.50000        0.2263590E-005  -0.7665279E-006   0.1838627E-001  -0.2343514E-002  -0.3531408        0.7790821E-001
    23.60000        0.2258947E-005  -0.7642698E-006   0.1847355E-001  -0.2385138E-002  -0.3526767        0.7783978E-001
    23.70000        0.2254265E-005  -0.7626168E-006   0.1855901E-001  -0.2424123E-002  -0.3522115        0.7776763E-001
    23.80000        0.2249576E-005  -0.7615607E-006   0.1864222E-001  -0.2460556E-002  -0.3517457        0.7769201E-001
    23.90000        0.2244908E-005  -0.7610830E-006   0.1872277E-001  -0.2494525E-002  -0.3512797        0.7761313E-001
    24.00000        0.2240288E-005  -0.7611542E-006   0.1880026E-001  -0.2526116E-002  -0.3508140        0.7753121E-001
    24.10000        0.2235735E-005  -0.7617335E-006   0.1887431E-001  -0.2555415E-002  -0.3503491        0.7744644E-001
    24.20000        0.2231265E-005  -0.7627695E-006   0.1894455E-001  -0.2582508E-002  -0.3498853        0.7735899E-001
    24.30000        0.2226891E-005  -0.7641998E-006   0.1901067E-001  -0.2607487E-002  -0.3494230        0.7726900E-001
    24.40000        0.2222620E-005  -0.7659521E-006   0.1907235E-001  -0.2630442E-002  -0.3489626        0.7717656E-001
    24.50000        0.2218457E-005  -0.7679451E-006   0.1912933E-001  -0.2651465E-002  -0.3485045        0.7708175E-001
    24.60000        0.2214402E-005  -0.7700895E-006   0.1918138E-001  -0.2670645E-002  -0.3480489        0.7698458E-001
    24.70000        0.2210455E-005  -0.7722897E-006   0.1922833E-001  -0.2688071E-002  -0.3475962        0.7688502E-001
    24.80000        0.2206610E-005  -0.7744454E-006   0.1927004E-001  -0.2703821E-002  -0.3471465        0.7678300E-001
    24.90000        0.2202865E-005  -0.7764532E-006   0.1930643E-001  -0.2717967E-002  -0.3467000        0.7667841E-001
    25.00000        0.2199211E-005  -0.7782087E-006   0.1933748E-001  -0.2730570E-002  -0.3462567        0.7657107E-001
    25.10000        0.2195642E-005  -0.7796082E-006   0.1936322E-001  -0.2741673E-002  -0.3458168        0.7646081E-001
    25.20000        0.2192154E-005  -0.7805510E-006   0.1938373E-001  -0.2751308E-002  -0.3453801        0.7634736E-001
    25.30000        0.2188740E-005  -0.7809406E-006   0.1939918E-001  -0.2759491E-002  -0.3449466        0.7623045E-001
    25.40000        0.2185396E-005  -0.7806870E-006   0.1940975E-001  -0.2766223E-002  -0.3445162        0.7610977E-001
    25.50000        0.2182120E-005  -0.7797079E-006   0.1941570E-001  -0.2771498E-002  -0.3440886        0.7598497E-001
    25.60000        0.2178910E-005  -0.7779304E-006   0.1941729E-001  -0.2775299E-002  -0.3436636        0.7585566E-001
    25.70000        0.2175765E-005  -0.7752918E-006   0.1941485E-001  -0.2777608E-002  -0.3432411        0.7572142E-001
    25.80000        0.2172688E-005  -0.7717412E-006   0.1940870E-001  -0.2778408E-002  -0.3428206        0.7558180E-001
    25.90000        0.2169680E-005  -0.7672394E-006   0.1939915E-001  -0.2777686E-002  -0.3424019        0.7543632E-001
    26.00000        0.2166744E-005  -0.7617601E-006   0.1938655E-001  -0.2775440E-002  -0.3419848        0.7528447E-001
    26.10000        0.2163883E-005  -0.7552900E-006   0.1937121E-001  -0.2771674E-002  -0.3415689        0.7512573E-001
    26.20000        0.2161100E-005  -0.7478285E-006   0.1935341E-001  -0.2766406E-002  -0.3411541        0.7495956E-001
    26.30000        0.2158398E-005  -0.7393880E-006   0.1933342E-001  -0.2759665E-002  -0.3407401        0.7478539E-001
    26.40000        0.2155778E-005  -0.7299929E-006   0.1931149E-001  -0.2751487E-002  -0.3403268        0.7460269E-001
    26.50000        0.2153239E-005  -0.7196794E-006   0.1928781E-001  -0.2741921E-002  -0.3399140        0.7441091E-001
    26.60000        0.2150778E-005  -0.7084944E-006   0.1926256E-001  -0.2731019E-002  -0.3395015        0.7420953E-001
    26.70000        0.2148389E-005  -0.6964945E-006   0.1923589E-001  -0.2718838E-002  -0.3390893        0.7399804E-001
    26.80000        0.2146062E-005  -0.6837448E-006   0.1920792E-001  -0.2705440E-002  -0.3386774        0.7377597E-001
    26.90000        0.2143784E-005  -0.6703180E-006   0.1917873E-001  -0.2690889E-002  -0.3382655        0.7354289E-001
    27.00000        0.2141537E-005  -0.6562924E-006   0.1914840E-001  -0.2675248E-002  -0.3378538        0.7329840E-001
    27.10000        0.2139299E-005  -0.6417509E-006   0.1911698E-001  -0.2658584E-002  -0.3374422        0.7304215E-001
    27.20000        0.2137043E-005  -0.6267795E-006   0.1908453E-001  -0.2640967E-002  -0.3370306        0.7277383E-001
    27.30000        0.2134736E-005  -0.6114660E-006   0.1905108E-001  -0.2622469E-002  -0.3366189        0.7249317E-001
    27.40000        0.2132341E-005  -0.5958984E-006   0.1901667E-001  -0.2603166E-002  -0.3362072        0.7219996E-001
    27.50000        0.2129817E-005  -0.5801637E-006   0.1898134E-001  -0.2583144E-002  -0.3357952        0.7189402E-001
    27.60000        0.2127119E-005  -0.5643470E-006   0.1894513E-001  -0.2562495E-002  -0.3353830        0.7157521E-001
    27.70000        0.2124198E-005  -0.5485303E-006   0.1890812E-001  -0.2541321E-002  -0.3349702        0.7124343E-001
    27.80000        0.2121003E-005  -0.5327911E-006   0.1887037E-001  -0.2519737E-002  -0.3345567        0.7089862E-001
    27.90000        0.2117482E-005  -0.5172026E-006   0.1883198E-001  -0.2497869E-002  -0.3341424        0.7054073E-001
    28.00000        0.2113580E-005  -0.5018321E-006   0.1879304E-001  -0.2475860E-002  -0.3337267        0.7016975E-001
    28.10000        0.2109245E-005  -0.4867412E-006   0.1875369E-001  -0.2453865E-002  -0.3333095        0.6978570E-001
    28.20000        0.2104426E-005  -0.4719850E-006   0.1871407E-001  -0.2432053E-002  -0.3328903        0.6938860E-001
    28.30000        0.2099074E-005  -0.4576122E-006   0.1867433E-001  -0.2410610E-002  -0.3324687        0.6897850E-001
    28.40000        0.2093144E-005  -0.4436648E-006   0.1863466E-001  -0.2389734E-002  -0.3320442        0.6855546E-001
    28.50000        0.2086596E-005  -0.4301783E-006   0.1859522E-001  -0.2369637E-002  -0.3316163        0.6811955E-001
    28.60000        0.2079397E-005  -0.4171818E-006   0.1855621E-001  -0.2350545E-002  -0.3311844        0.6767084E-001
    28.70000        0.2071519E-005  -0.4046983E-006   0.1851783E-001  -0.2332697E-002  -0.3307481        0.6720940E-001
    28.80000        0.2062941E-005  -0.3927452E-006   0.1848026E-001  -0.2316341E-002  -0.3303067        0.6673532E-001
    28.90000        0.2053650E-005  -0.3813343E-006   0.1844369E-001  -0.2301739E-002  -0.3298597        0.6624868E-001
    29.00000        0.2043642E-005  -0.3704730E-006   0.1840830E-001  -0.2289163E-002  -0.3294064        0.6574954E-001
    29.10000        0.2032919E-005  -0.3601641E-006   0.1837428E-001  -0.2278895E-002  -0.3289463        0.6523797E-001
    29.20000        0.2021490E-005  -0.3504069E-006   0.1834179E-001  -0.2271226E-002  -0.3284789        0.6471405E-001
    29.30000        0.2009373E-005  -0.3411974E-006   0.1831098E-001  -0.2266454E-002  -0.3280035        0.6417781E-001
    29.40000        0.1996592E-005  -0.3325293E-006   0.1828200E-001  -0.2264883E-002  -0.3275197        0.6362931E-001
    29.50000        0.1983176E-005  -0.3243938E-006   0.1825498E-001  -0.2266818E-002  -0.3270270        0.6306860E-001
    29.60000        0.1969161E-005  -0.3167806E-006   0.1823004E-001  -0.2272561E-002  -0.3265249        0.6249571E-001
    29.70000        0.1954586E-005  -0.3096783E-006   0.1820729E-001  -0.2282404E-002  -0.3260129        0.6191071E-001
    29.80000        0.1939494E-005  -0.3030741E-006   0.1818683E-001  -0.2296623E-002  -0.3254906        0.6131364E-001
    29.90000        0.1923932E-005  -0.2969549E-006   0.1816876E-001  -0.2315472E-002  -0.3249577        0.6070460E-001
    30.00000        0.1907950E-005  -0.2913065E-006   0.1815315E-001  -0.2339167E-002  -0.3244138        0.6008368E-001
    30.10000        0.1891596E-005  -0.2861146E-006   0.1814007E-001  -0.2367880E-002  -0.3238586        0.5945104E-001
    30.20000        0.1874923E-005  -0.2813642E-006   0.1812958E-001  -0.2401731E-002  -0.3232918        0.5880687E-001
    30.30000        0.1857984E-005  -0.2770395E-006   0.1812173E-001  -0.2440773E-002  -0.3227132        0.5815144E-001
    30.40000        0.1840831E-005  -0.2731245E-006   0.1811655E-001  -0.2484987E-002  -0.3221226        0.5748505E-001
    30.50000        0.1823516E-005  -0.2696021E-006   0.1811407E-001  -0.2534274E-002  -0.3215199        0.5680810E-001
    30.60000        0.1806092E-005  -0.2664542E-006   0.1811428E-001  -0.2588452E-002  -0.3209049        0.5612107E-001
    30.70000        0.1788611E-005  -0.2636617E-006   0.1811717E-001  -0.2647254E-002  -0.3202776        0.5542449E-001
    30.80000        0.1771124E-005  -0.2612044E-006   0.1812268E-001  -0.2710325E-002  -0.3196380        0.5471899E-001
    30.90000        0.1753681E-005  -0.2590603E-006   0.1813076E-001  -0.2777234E-002  -0.3189861        0.5400525E-001
    31.00000        0.1736331E-005  -0.2572062E-006   0.1814128E-001  -0.2847472E-002  -0.3183221        0.5328405E-001
    31.10000        0.1719124E-005  -0.2556169E-006   0.1815410E-001  -0.2920465E-002  -0.3176461        0.5255618E-001
    31.20000        0.1702107E-005  -0.2542657E-006   0.1816903E-001  -0.2995579E-002  -0.3169585        0.5182250E-001
    31.30000        0.1685325E-005  -0.2531238E-006   0.1818582E-001  -0.3072132E-002  -0.3162595        0.5108391E-001
    31.40000        0.1668823E-005  -0.2521608E-006   0.1820419E-001  -0.3149405E-002  -0.3155495        0.5034132E-001
    31.50000        0.1652643E-005  -0.2513443E-006   0.1822377E-001  -0.3226646E-002  -0.3148290        0.4959565E-001
    31.60000        0.1636826E-005  -0.2506404E-006   0.1824416E-001  -0.3303085E-002  -0.3140987        0.4884785E-001
    31.70000        0.1621409E-005  -0.2500137E-006   0.1826488E-001  -0.3377938E-002  -0.3133591        0.4809883E-001
    31.80000        0.1606427E-005  -0.2494275E-006   0.1828540E-001  -0.3450420E-002  -0.3126110        0.4734951E-001
    31.90000        0.1591912E-005  -0.2488443E-006   0.1830513E-001  -0.3519748E-002  -0.3118552        0.4660077E-001
    32.00000        0.1577892E-005  -0.2482266E-006   0.1832343E-001  -0.3585159E-002  -0.3110927        0.4585345E-001
    32.10000        0.1564391E-005  -0.2475371E-006   0.1833961E-001  -0.3645917E-002  -0.3103242        0.4510836E-001
    32.20000        0.1551428E-005  -0.2467396E-006   0.1835299E-001  -0.3701323E-002  -0.3095508        0.4436623E-001
    32.30000        0.1539018E-005  -0.2457998E-006   0.1836284E-001  -0.3750736E-002  -0.3087736        0.4362774E-001
    32.40000        0.1527171E-005  -0.2446866E-006   0.1836847E-001  -0.3793585E-002  -0.3079934        0.4289345E-001
    32.50000        0.1515891E-005  -0.2433725E-006   0.1836922E-001  -0.3829384E-002  -0.3072113        0.4216383E-001
    32.60000        0.1505177E-005  -0.2418346E-006   0.1836449E-001  -0.3857751E-002  -0.3064281        0.4143925E-001
    32.70000        0.1495023E-005  -0.2400560E-006   0.1835377E-001  -0.3878420E-002  -0.3056447        0.4071993E-001
    32.80000        0.1485419E-005  -0.2380258E-006   0.1833663E-001  -0.3891249E-002  -0.3048618        0.4000597E-001
    32.90000        0.1476347E-005  -0.2357397E-006   0.1831280E-001  -0.3896229E-002  -0.3040799        0.3929732E-001
    33.00000        0.1467788E-005  -0.2332005E-006   0.1828211E-001  -0.3893482E-002  -0.3032996        0.3859381E-001
    33.10000        0.1459715E-005  -0.2304177E-006   0.1824452E-001  -0.3883253E-002  -0.3025212        0.3789514E-001
    33.20000        0.1452101E-005  -0.2274072E-006   0.1820011E-001  -0.3865900E-002  -0.3017448        0.3720090E-001
    33.30000        0.1444913E-005  -0.2241903E-006   0.1814908E-001  -0.3841871E-002  -0.3009705        0.3651063E-001
    33.40000        0.1438114E-005  -0.2207931E-006   0.1809173E-001  -0.3811690E-002  -0.3001983        0.3582376E-001
    33.50000        0.1431668E-005  -0.2172453E-006   0.1802839E-001  -0.3775925E-002  -0.2994281        0.3513972E-001
    33.60000        0.1425533E-005  -0.2135791E-006   0.1795949E-001  -0.3735174E-002  -0.2986596        0.3445793E-001
    33.70000        0.1419670E-005  -0.2098277E-006   0.1788546E-001  -0.3690039E-002  -0.2978926        0.3377781E-001
    33.80000        0.1414035E-005  -0.2060247E-006   0.1780678E-001  -0.3641113E-002  -0.2971269        0.3309880E-001
    33.90000        0.1408586E-005  -0.2022030E-006   0.1772393E-001  -0.3588962E-002  -0.2963621        0.3242042E-001
    34.00000        0.1403281E-005  -0.1983936E-006   0.1763742E-001  -0.3534118E-002  -0.2955978        0.3174221E-001
    34.10000        0.1398080E-005  -0.1946255E-006   0.1754777E-001  -0.3477073E-002  -0.2948337        0.3106377E-001
    34.20000        0.1392941E-005  -0.1909245E-006   0.1745555E-001  -0.3418272E-002  -0.2940692        0.3038479E-001
    34.30000        0.1387827E-005  -0.1873132E-006   0.1736132E-001  -0.3358118E-002  -0.2933040        0.2970499E-001
    34.40000        0.1382702E-005  -0.1838102E-006   0.1726570E-001  -0.3296963E-002  -0.2925375        0.2902416E-001
    34.50000        0.1377530E-005  -0.1804302E-006   0.1716936E-001  -0.3235116E-002  -0.2917690        0.2834215E-001
    34.60000        0.1372280E-005  -0.1771834E-006   0.1707296E-001  -0.3172837E-002  -0.2909979        0.2765887E-001
    34.70000        0.1366923E-005  -0.1740753E-006   0.1697724E-001  -0.3110342E-002  -0.2902236        0.2697426E-001
    34.80000        0.1361430E-005  -0.1711067E-006   0.1688292E-001  -0.3047801E-002  -0.2894453        0.2628834E-001
    34.90000        0.1355778E-005  -0.1682734E-006   0.1679076E-001  -0.2985339E-002  -0.2886622        0.2560116E-001
    35.00000        0.1349944E-005  -0.1655663E-006   0.1670150E-001  -0.2923036E-002  -0.2878737        0.2491280E-001
    35.10000        0.1343909E-005  -0.1629712E-006   0.1661585E-001  -0.2860928E-002  -0.2870789        0.2422339E-001
    35.20000        0.1337655E-005  -0.1604693E-006   0.1653449E-001  -0.2799012E-002  -0.2862772        0.2353311E-001
    35.30000        0.1331167E-005  -0.1580375E-006   0.1645804E-001  -0.2737248E-002  -0.2854679        0.2284214E-001
    35.40000        0.1324433E-005  -0.1556485E-006   0.1638705E-001  -0.2675563E-002  -0.2846504        0.2215069E-001
    35.50000        0.1317442E-005  -0.1532719E-006   0.1632201E-001  -0.2613864E-002  -0.2838242        0.2145897E-001
    35.60000        0.1310185E-005  -0.1508748E-006   0.1626330E-001  -0.2552037E-002  -0.2829889        0.2076721E-001
    35.70000        0.1302657E-005  -0.1484227E-006   0.1621122E-001  -0.2489965E-002  -0.2821440        0.2007559E-001
    35.80000        0.1294854E-005  -0.1458808E-006   0.1616601E-001  -0.2427528E-002  -0.2812893        0.1938431E-001
    35.90000        0.1286773E-005  -0.1432149E-006   0.1612780E-001  -0.2364615E-002  -0.2804246        0.1869351E-001
    36.00000        0.1278413E-005  -0.1403928E-006   0.1609667E-001  -0.2301130E-002  -0.2795497        0.1800334E-001
    36.10000        0.1269779E-005  -0.1373854E-006   0.1607263E-001  -0.2236991E-002  -0.2786646        0.1731386E-001
    36.20000        0.1260872E-005  -0.1341679E-006   0.1605565E-001  -0.2172137E-002  -0.2777691        0.1662513E-001
    36.30000        0.1251702E-005  -0.1307208E-006   0.1604565E-001  -0.2106521E-002  -0.2768633        0.1593717E-001
    36.40000        0.1242276E-005  -0.1270307E-006   0.1604254E-001  -0.2040115E-002  -0.2759473        0.1524998E-001
    36.50000        0.1232607E-005  -0.1230909E-006   0.1604619E-001  -0.1972899E-002  -0.2750210        0.1456353E-001
    36.60000        0.1222710E-005  -0.1189018E-006   0.1605646E-001  -0.1904861E-002  -0.2740846        0.1387778E-001
    36.70000        0.1212604E-005  -0.1144711E-006   0.1607320E-001  -0.1835994E-002  -0.2731381        0.1319269E-001
    36.80000        0.1202309E-005  -0.1098136E-006   0.1609625E-001  -0.1766292E-002  -0.2721816        0.1250822E-001
    36.90000        0.1191848E-005  -0.1049510E-006   0.1612545E-001  -0.1695746E-002  -0.2712153        0.1182432E-001
    37.00000        0.1181248E-005  -0.9991091E-007   0.1616061E-001  -0.1624348E-002  -0.2702393        0.1114099E-001
    37.10000        0.1170536E-005  -0.9472673E-007   0.1620155E-001  -0.1552087E-002  -0.2692538        0.1045820E-001
    37.20000        0.1159740E-005  -0.8943627E-007   0.1624806E-001  -0.1478951E-002  -0.2682589        0.9775970E-002
    37.30000        0.1148893E-005  -0.8408100E-007   0.1629991E-001  -0.1404931E-002  -0.2672548        0.9094318E-002
    37.40000        0.1138022E-005  -0.7870492E-007   0.1635688E-001  -0.1330019E-002  -0.2662419        0.8413285E-002
    37.50000        0.1127159E-005  -0.7335351E-007   0.1641869E-001  -0.1254213E-002  -0.2652204        0.7732927E-002
    37.60000        0.1116332E-005  -0.6807270E-007   0.1648508E-001  -0.1177519E-002  -0.2641907        0.7053312E-002
    37.70000        0.1105568E-005  -0.6290785E-007   0.1655575E-001  -0.1099949E-002  -0.2631530        0.6374525E-002
    37.80000        0.1094890E-005  -0.5790280E-007   0.1663038E-001  -0.1021526E-002  -0.2621078        0.5696661E-002
    37.90000        0.1084319E-005  -0.5309909E-007   0.1670866E-001  -0.9422817E-003  -0.2610554        0.5019827E-002
    38.00000        0.1073874E-005  -0.4853521E-007   0.1679025E-001  -0.8622563E-003  -0.2599963        0.4344139E-002
    38.10000        0.1063566E-005  -0.4424608E-007   0.1687484E-001  -0.7814995E-003  -0.2589309        0.3669724E-002
    38.20000        0.1053403E-005  -0.4026261E-007   0.1696207E-001  -0.7000689E-003  -0.2578596        0.2996714E-002
    38.30000        0.1043389E-005  -0.3661137E-007   0.1705164E-001  -0.6180289E-003  -0.2567829        0.2325251E-002
    38.40000        0.1033521E-005  -0.3331453E-007   0.1714322E-001  -0.5354505E-003  -0.2557011        0.1655481E-002
    38.50000        0.1023793E-005  -0.3038979E-007   0.1723653E-001  -0.4524100E-003  -0.2546147        0.9875527E-003
    38.60000        0.1014191E-005  -0.2785049E-007   0.1733129E-001  -0.3689893E-003  -0.2535240        0.3216199E-003
    38.70000        0.1004698E-005  -0.2570584E-007   0.1742725E-001  -0.2852748E-003  -0.2524294       -0.3421652E-003
    38.80000        0.9952919E-006  -0.2396119E-007   0.1752416E-001  -0.2013579E-003  -0.2513312       -0.1003651E-002
    38.90000        0.9859474E-006  -0.2261840E-007   0.1762184E-001  -0.1173347E-003  -0.2502297       -0.1662690E-002
    39.00000        0.9766344E-006  -0.2167621E-007   0.1772009E-001  -0.3330606E-004  -0.2491250       -0.2319139E-002
    39.10000        0.9673205E-006  -0.2113066E-007   0.1781878E-001   0.5062310E-004  -0.2480175       -0.2972861E-002
    39.20000        0.9579710E-006  -0.2097554E-007   0.1791776E-001   0.1343441E-003  -0.2469072       -0.3623725E-002
    39.30000        0.9485498E-006  -0.2120275E-007   0.1801693E-001   0.2177455E-003  -0.2457942       -0.4271607E-002
    39.40000        0.9390202E-006  -0.2180271E-007   0.1811623E-001   0.3007143E-003  -0.2446786       -0.4916391E-002
    39.50000        0.9293453E-006  -0.2276471E-007   0.1821559E-001   0.3831376E-003  -0.2435605       -0.5557964E-002
    39.60000        0.9194894E-006  -0.2407718E-007   0.1831498E-001   0.4649039E-003  -0.2424398       -0.6196220E-002
    39.70000        0.9094184E-006  -0.2572797E-007   0.1841440E-001   0.5459046E-003  -0.2413164       -0.6831055E-002
    39.80000        0.8991003E-006  -0.2770456E-007   0.1851385E-001   0.6260347E-003  -0.2401903       -0.7462368E-002
    39.90000        0.8885060E-006  -0.2999418E-007   0.1861337E-001   0.7051932E-003  -0.2390613       -0.8090064E-002
    40.00000        0.8776098E-006  -0.3258392E-007   0.1871300E-001   0.7832823E-003  -0.2379292       -0.8714049E-002
    40.10000        0.8663898E-006  -0.3546081E-007   0.1881280E-001   0.8602056E-003  -0.2367940       -0.9334236E-002
    40.20000        0.8548279E-006  -0.3861180E-007   0.1891284E-001   0.9358655E-003  -0.2356553       -0.9950545E-002
    40.30000        0.8429105E-006  -0.4202380E-007   0.1901319E-001   0.1010159E-002  -0.2345129       -0.1056291E-001
    40.40000        0.8306284E-006  -0.4568358E-007   0.1911392E-001   0.1082974E-002  -0.2333667       -0.1117128E-001
    40.50000        0.8179764E-006  -0.4957780E-007   0.1921509E-001   0.1154185E-002  -0.2322164       -0.1177564E-001
    40.60000        0.8049538E-006  -0.5369291E-007   0.1931674E-001   0.1223646E-002  -0.2310618       -0.1237597E-001
    40.70000        0.7915639E-006  -0.5801512E-007   0.1941890E-001   0.1291192E-002  -0.2299028       -0.1297231E-001
    40.80000        0.7778139E-006  -0.6253036E-007   0.1952158E-001   0.1356631E-002  -0.2287390       -0.1356472E-001
    40.90000        0.7637147E-006  -0.6722431E-007   0.1962476E-001   0.1419748E-002  -0.2275706       -0.1415328E-001
    41.00000        0.7492804E-006  -0.7208237E-007   0.1972836E-001   0.1480308E-002  -0.2263972       -0.1473813E-001
    41.10000        0.7345287E-006  -0.7708971E-007   0.1983232E-001   0.1538053E-002  -0.2252190       -0.1531941E-001
    41.20000        0.7194798E-006  -0.8223134E-007   0.1993653E-001   0.1592718E-002  -0.2240358       -0.1589729E-001
    41.30000        0.7041568E-006  -0.8749216E-007   0.2004084E-001   0.1644027E-002  -0.2228477       -0.1647196E-001
    41.40000        0.6885850E-006  -0.9285711E-007   0.2014512E-001   0.1691710E-002  -0.2216548       -0.1704360E-001
    41.50000        0.6727920E-006  -0.9831119E-007   0.2024920E-001   0.1735507E-002  -0.2204571       -0.1761242E-001
    41.60000        0.6568070E-006  -0.1038397E-006   0.2035291E-001   0.1775173E-002  -0.2192546       -0.1817859E-001
    41.70000        0.6406607E-006  -0.1094281E-006   0.2045608E-001   0.1810488E-002  -0.2180476       -0.1874228E-001
    41.80000        0.6243851E-006  -0.1150627E-006   0.2055854E-001   0.1841262E-002  -0.2168361       -0.1930363E-001
    41.90000        0.6080128E-006  -0.1207301E-006   0.2066013E-001   0.1867334E-002  -0.2156203       -0.1986276E-001
    42.00000        0.5915769E-006  -0.1264178E-006   0.2076068E-001   0.1888582E-002  -0.2144002       -0.2041978E-001
    42.10000        0.5751106E-006  -0.1321143E-006   0.2086004E-001   0.1904916E-002  -0.2131762       -0.2097475E-001
    42.20000        0.5586469E-006  -0.1378089E-006   0.2095807E-001   0.1916285E-002  -0.2119483       -0.2152771E-001
    42.30000        0.5422185E-006  -0.1434925E-006   0.2105462E-001   0.1922672E-002  -0.2107167       -0.2207867E-001
    42.40000        0.5258574E-006  -0.1491569E-006   0.2114956E-001   0.1924098E-002  -0.2094817       -0.2262760E-001
    42.50000        0.5095946E-006  -0.1547957E-006   0.2124276E-001   0.1920614E-002  -0.2082433       -0.2317446E-001
    42.60000        0.4934602E-006  -0.1604037E-006   0.2133410E-001   0.1912307E-002  -0.2070018       -0.2371917E-001
    42.70000        0.4774831E-006  -0.1659774E-006   0.2142345E-001   0.1899290E-002  -0.2057575       -0.2426164E-001
    42.80000        0.4616908E-006  -0.1715147E-006   0.2151070E-001   0.1881705E-002  -0.2045106       -0.2480172E-001
    42.90000        0.4461092E-006  -0.1770153E-006   0.2159573E-001   0.1859713E-002  -0.2032612       -0.2533928E-001
    43.00000        0.4307626E-006  -0.1824801E-006   0.2167846E-001   0.1833497E-002  -0.2020096       -0.2587416E-001
    43.10000        0.4156733E-006  -0.1879115E-006   0.2175878E-001   0.1803249E-002  -0.2007562       -0.2640618E-001
    43.20000        0.4008615E-006  -0.1933131E-006   0.2183662E-001   0.1769171E-002  -0.1995010       -0.2693515E-001
    43.30000        0.3863452E-006  -0.1986895E-006   0.2191193E-001   0.1731465E-002  -0.1982443       -0.2746089E-001
    43.40000        0.3721395E-006  -0.2040465E-006   0.2198465E-001   0.1690331E-002  -0.1969864       -0.2798323E-001
    43.50000        0.3582570E-006  -0.2093904E-006   0.2205479E-001   0.1645961E-002  -0.1957274       -0.2850197E-001
    43.60000        0.3447070E-006  -0.2147283E-006   0.2212235E-001   0.1598534E-002  -0.1944675       -0.2901695E-001
    43.70000        0.3314956E-006  -0.2200676E-006   0.2218737E-001   0.1548213E-002  -0.1932068       -0.2952802E-001
    43.80000        0.3186251E-006  -0.2254160E-006   0.2224992E-001   0.1495144E-002  -0.1919455       -0.3003505E-001
    43.90000        0.3060943E-006  -0.2307813E-006   0.2231010E-001   0.1439452E-002  -0.1906836       -0.3053789E-001
    44.00000        0.2938979E-006  -0.2361713E-006   0.2236805E-001   0.1381244E-002  -0.1894212       -0.3103646E-001
    44.10000        0.2820266E-006  -0.2415939E-006   0.2242391E-001   0.1320609E-002  -0.1881584       -0.3153066E-001
    44.20000        0.2704672E-006  -0.2470566E-006   0.2247788E-001   0.1257617E-002  -0.1868950       -0.3202041E-001
    44.30000        0.2592019E-006  -0.2525672E-006   0.2253018E-001   0.1192323E-002  -0.1856311       -0.3250565E-001
    44.40000        0.2482094E-006  -0.2581332E-006   0.2258104E-001   0.1124766E-002  -0.1843666       -0.3298634E-001
    44.50000        0.2374640E-006  -0.2637623E-006   0.2263071E-001   0.1054976E-002  -0.1831014       -0.3346242E-001
    44.60000        0.2269366E-006  -0.2694625E-006   0.2267948E-001   0.9829701E-003  -0.1818352       -0.3393388E-001
    44.70000        0.2165945E-006  -0.2752422E-006   0.2272762E-001   0.9087557E-003  -0.1805680       -0.3440068E-001
    44.80000        0.2064018E-006  -0.2811104E-006   0.2277544E-001   0.8323320E-003  -0.1792995       -0.3486280E-001
    44.90000        0.1963201E-006  -0.2870772E-006   0.2282322E-001   0.7536886E-003  -0.1780296       -0.3532024E-001
    45.00000        0.1863087E-006  -0.2931533E-006   0.2287126E-001   0.6728062E-003  -0.1767579       -0.3577298E-001
    45.10000        0.1763255E-006  -0.2993510E-006   0.2291985E-001   0.5896550E-003  -0.1754842       -0.3622103E-001
    45.20000        0.1663271E-006  -0.3056837E-006   0.2296928E-001   0.5041935E-003  -0.1742082       -0.3666439E-001
    45.30000        0.1562699E-006  -0.3121664E-006   0.2301981E-001   0.4163667E-003  -0.1729296       -0.3710306E-001
    45.40000        0.1461110E-006  -0.3188153E-006   0.2307168E-001   0.3261039E-003  -0.1716482       -0.3753709E-001
    45.50000        0.1358080E-006  -0.3256479E-006   0.2312512E-001   0.2333164E-003  -0.1703637       -0.3796650E-001
    45.60000        0.1253208E-006  -0.3326830E-006   0.2318032E-001   0.1378946E-003  -0.1690758       -0.3839133E-001
    45.70000        0.1146113E-006  -0.3399400E-006   0.2323744E-001   0.3970614E-004  -0.1677841       -0.3881166E-001
    45.80000        0.1036446E-006  -0.3474391E-006   0.2329663E-001  -0.6140654E-004  -0.1664885       -0.3922755E-001
    45.90000        0.9238911E-007  -0.3552002E-006   0.2335798E-001  -0.1656272E-003  -0.1651886       -0.3963912E-001
    46.00000        0.8081734E-007  -0.3632429E-006   0.2342158E-001  -0.2731661E-003  -0.1638843       -0.4004645E-001
    46.10000        0.6890584E-007  -0.3715858E-006   0.2348745E-001  -0.3842581E-003  -0.1625753       -0.4044970E-001
    46.20000        0.5663556E-007  -0.3802456E-006   0.2355562E-001  -0.4991588E-003  -0.1612614       -0.4084899E-001
    46.30000        0.4399197E-007  -0.3892366E-006   0.2362606E-001  -0.6181378E-003  -0.1599424       -0.4124447E-001
    46.40000        0.3096500E-007  -0.3985703E-006   0.2369876E-001  -0.7414683E-003  -0.1586182       -0.4163630E-001
    46.50000        0.1754898E-007  -0.4082539E-006   0.2377366E-001  -0.8694140E-003  -0.1572885       -0.4202459E-001
    46.60000        0.3742461E-008  -0.4182906E-006   0.2385071E-001  -0.1002212E-002  -0.1559531       -0.4240945E-001
    46.70000       -0.1045196E-007  -0.4286783E-006   0.2392985E-001  -0.1140056E-002  -0.1546120       -0.4279094E-001
    46.80000       -0.2502797E-007  -0.4394096E-006   0.2401101E-001  -0.1283074E-002  -0.1532650       -0.4316904E-001
    46.90000       -0.3997585E-007  -0.4504710E-006   0.2409416E-001  -0.1431313E-002  -0.1519118       -0.4354369E-001
    47.00000       -0.5528286E-007  -0.4618434E-006   0.2417927E-001  -0.1584723E-002  -0.1505523       -0.4391469E-001
    47.10000       -0.7093369E-007  -0.4735017E-006   0.2426631E-001  -0.1743151E-002  -0.1491864       -0.4428179E-001
    47.20000       -0.8691098E-007  -0.4854152E-006   0.2435530E-001  -0.1906332E-002  -0.1478137       -0.4464463E-001
    47.30000       -0.1031958E-006  -0.4975485E-006   0.2444627E-001  -0.2073901E-002  -0.1464341       -0.4500276E-001
    47.40000       -0.1197682E-006  -0.5098618E-006   0.2453926E-001  -0.2245400E-002  -0.1450474       -0.4535565E-001
    47.50000       -0.1366079E-006  -0.5223123E-006   0.2463436E-001  -0.2420296E-002  -0.1436533       -0.4570273E-001
    47.60000       -0.1536943E-006  -0.5348548E-006   0.2473165E-001  -0.2598002E-002  -0.1422515       -0.4604339E-001
    47.70000       -0.1710076E-006  -0.5474428E-006   0.2483124E-001  -0.2777898E-002  -0.1408418       -0.4637702E-001
    47.80000       -0.1885284E-006  -0.5600301E-006   0.2493323E-001  -0.2959352E-002  -0.1394240       -0.4670300E-001
    47.90000       -0.2062380E-006  -0.5725711E-006   0.2503771E-001  -0.3141739E-002  -0.1379979       -0.4702076E-001
    48.00000       -0.2241187E-006  -0.5850223E-006   0.2514478E-001  -0.3324452E-002  -0.1365632       -0.4732976E-001
    48.10000       -0.2421534E-006  -0.5973428E-006   0.2525451E-001  -0.3506919E-002  -0.1351197       -0.4762952E-001
    48.20000       -0.2603251E-006  -0.6094952E-006   0.2536693E-001  -0.3688608E-002  -0.1336674       -0.4791960E-001
    48.30000       -0.2786171E-006  -0.6214460E-006   0.2548203E-001  -0.3869027E-002  -0.1322062       -0.4819965E-001
    48.40000       -0.2970121E-006  -0.6331663E-006   0.2559976E-001  -0.4047732E-002  -0.1307360       -0.4846936E-001
    48.50000       -0.3154919E-006  -0.6446320E-006   0.2572003E-001  -0.4224320E-002  -0.1292569       -0.4872848E-001
    48.60000       -0.3340368E-006  -0.6558241E-006   0.2584268E-001  -0.4398429E-002  -0.1277690       -0.4897681E-001
    48.70000       -0.3526251E-006  -0.6667290E-006   0.2596749E-001  -0.4569736E-002  -0.1262725       -0.4921419E-001
    48.80000       -0.3712328E-006  -0.6773383E-006   0.2609420E-001  -0.4737947E-002  -0.1247675       -0.4944050E-001
    48.90000       -0.3898333E-006  -0.6876491E-006   0.2622251E-001  -0.4902800E-002  -0.1232545       -0.4965564E-001
    49.00000       -0.4083967E-006  -0.6976637E-006   0.2635207E-001  -0.5064057E-002  -0.1217337       -0.4985956E-001
    49.10000       -0.4268903E-006  -0.7073899E-006   0.2648249E-001  -0.5221503E-002  -0.1202056       -0.5005220E-001
    49.20000       -0.4452782E-006  -0.7168399E-006   0.2661340E-001  -0.5374944E-002  -0.1186706       -0.5023353E-001
    49.30000       -0.4635215E-006  -0.7260308E-006   0.2674440E-001  -0.5524208E-002  -0.1171292       -0.5040353E-001
    49.40000       -0.4815785E-006  -0.7349837E-006   0.2687511E-001  -0.5669143E-002  -0.1155818       -0.5056217E-001
    49.50000       -0.4994055E-006  -0.7437231E-006   0.2700517E-001  -0.5809621E-002  -0.1140290       -0.5070947E-001
    49.60000       -0.5169567E-006  -0.7522764E-006   0.2713425E-001  -0.5945540E-002  -0.1124712       -0.5084541E-001
    49.70000       -0.5341848E-006  -0.7606727E-006   0.2726206E-001  -0.6076820E-002  -0.1109089       -0.5097003E-001
    49.80000       -0.5510418E-006  -0.7689422E-006   0.2738836E-001  -0.6203413E-002  -0.1093425       -0.5108334E-001
    49.90000       -0.5674795E-006  -0.7771154E-006   0.2751292E-001  -0.6325293E-002  -0.1077724       -0.5118537E-001
