### Raw data #######################################
#   nrec = 10001                                   #
#   delta_t = 0.1000000                            #
### Sampling for ensemble average ##################
#   ista = 2000                                    #
#   nperiod = 500                                  #
#   nshift = 1                                     #
#   nsample= (nrec-ista-nperiod)/nshift+1 = 7502   #
####################################################
#       [1]t       [2]Re[Memory f]  [3]Im[Memory f] [4]Re[<r(t)r*>/<uu*>] [5]Im[<r(t)r*>/<uu*>] [6]Re[<r(t)du*/dt>/<uu*>] [7]Im[<r(t)du*/dt>/<uu*>] 
    0.000000        0.5363725E-002  -0.6790715E-004   0.5479248E-002  -0.4068523E-020   0.5363725E-002  -0.6790715E-004
   0.1000000        0.5362825E-002  -0.6664855E-004   0.5476511E-002   0.1692126E-005   0.5362825E-002  -0.6664855E-004
   0.2000000        0.5356674E-002  -0.6537261E-004   0.5468522E-002   0.3409315E-005   0.5356674E-002  -0.6537261E-004
   0.3000000        0.5345323E-002  -0.6405804E-004   0.5455354E-002   0.5172041E-005   0.5345323E-002  -0.6405804E-004
   0.4000000        0.5328871E-002  -0.6268468E-004   0.5437123E-002   0.6999385E-005   0.5328871E-002  -0.6268468E-004
   0.5000000        0.5307462E-002  -0.6123398E-004   0.5413993E-002   0.8908601E-005   0.5307462E-002  -0.6123398E-004
   0.6000000        0.5281282E-002  -0.5968941E-004   0.5386169E-002   0.1091470E-004   0.5281282E-002  -0.5968941E-004
   0.7000000        0.5250554E-002  -0.5803693E-004   0.5353891E-002   0.1303008E-004   0.5250554E-002  -0.5803693E-004
   0.8000000        0.5215537E-002  -0.5626530E-004   0.5317431E-002   0.1526422E-004   0.5215537E-002  -0.5626530E-004
   0.9000000        0.5176515E-002  -0.5436643E-004   0.5277088E-002   0.1762334E-004   0.5176515E-002  -0.5436643E-004
    1.000000        0.5133795E-002  -0.5233562E-004   0.5233180E-002   0.2011023E-004   0.5133795E-002  -0.5233562E-004
    1.100000        0.5087701E-002  -0.5017184E-004   0.5186043E-002   0.2272405E-004   0.5087701E-002  -0.5017184E-004
    1.200000        0.5038567E-002  -0.4787777E-004   0.5136017E-002   0.2546025E-004   0.5038567E-002  -0.4787777E-004
    1.300000        0.4986733E-002  -0.4545993E-004   0.5083449E-002   0.2831052E-004   0.4986733E-002  -0.4545993E-004
    1.400000        0.4932539E-002  -0.4292867E-004   0.5028684E-002   0.3126280E-004   0.4932539E-002  -0.4292867E-004
    1.500000        0.4876323E-002  -0.4029805E-004   0.4972060E-002   0.3430147E-004   0.4876323E-002  -0.4029805E-004
    1.600000        0.4818411E-002  -0.3758572E-004   0.4913905E-002   0.3740744E-004   0.4818411E-002  -0.3758572E-004
    1.700000        0.4759119E-002  -0.3481269E-004   0.4854534E-002   0.4055846E-004   0.4759119E-002  -0.3481269E-004
    1.800000        0.4698748E-002  -0.3200300E-004   0.4794246E-002   0.4372942E-004   0.4698748E-002  -0.3200300E-004
    1.900000        0.4637582E-002  -0.2918341E-004   0.4733318E-002   0.4689265E-004   0.4637582E-002  -0.2918341E-004
    2.000000        0.4575885E-002  -0.2638301E-004   0.4672010E-002   0.5001843E-004   0.4575885E-002  -0.2638301E-004
    2.100000        0.4513899E-002  -0.2363274E-004   0.4610558E-002   0.5307533E-004   0.4513899E-002  -0.2363274E-004
    2.200000        0.4451846E-002  -0.2096495E-004   0.4549176E-002   0.5603073E-004   0.4451846E-002  -0.2096495E-004
    2.300000        0.4389927E-002  -0.1841294E-004   0.4488055E-002   0.5885133E-004   0.4389927E-002  -0.1841294E-004
    2.400000        0.4328317E-002  -0.1601040E-004   0.4427362E-002   0.6150357E-004   0.4328317E-002  -0.1601040E-004
    2.500000        0.4267173E-002  -0.1379096E-004   0.4367244E-002   0.6395420E-004   0.4267173E-002  -0.1379096E-004
    2.600000        0.4206628E-002  -0.1178768E-004   0.4307824E-002   0.6617073E-004   0.4206628E-002  -0.1178768E-004
    2.700000        0.4146797E-002  -0.1003255E-004   0.4249205E-002   0.6812195E-004   0.4146797E-002  -0.1003255E-004
    2.800000        0.4087774E-002  -0.8556011E-005   0.4191472E-002   0.6977834E-004   0.4087774E-002  -0.8556011E-005
    2.900000        0.4029634E-002  -0.7386550E-005   0.4134689E-002   0.7111255E-004   0.4029634E-002  -0.7386550E-005
    3.000000        0.3972436E-002  -0.6550235E-005   0.4078903E-002   0.7209982E-004   0.3972436E-002  -0.6550235E-005
    3.100000        0.3916223E-002  -0.6070338E-005   0.4024148E-002   0.7271831E-004   0.3916223E-002  -0.6070338E-005
    3.200000        0.3861024E-002  -0.5966975E-005   0.3970441E-002   0.7294950E-004   0.3861024E-002  -0.5966975E-005
    3.300000        0.3806853E-002  -0.6256785E-005   0.3917787E-002   0.7277848E-004   0.3806853E-002  -0.6256785E-005
    3.400000        0.3753716E-002  -0.6952649E-005   0.3866181E-002   0.7219419E-004   0.3753716E-002  -0.6952649E-005
    3.500000        0.3701604E-002  -0.8063448E-005   0.3815607E-002   0.7118967E-004   0.3701604E-002  -0.8063448E-005
    3.600000        0.3650505E-002  -0.9593879E-005   0.3766042E-002   0.6976223E-004   0.3650505E-002  -0.9593879E-005
    3.700000        0.3600394E-002  -0.1154432E-004   0.3717454E-002   0.6791352E-004   0.3600394E-002  -0.1154432E-004
    3.800000        0.3551245E-002  -0.1391076E-004   0.3669807E-002   0.6564961E-004   0.3551245E-002  -0.1391076E-004
    3.900000        0.3503023E-002  -0.1668479E-004   0.3623061E-002   0.6298096E-004   0.3503023E-002  -0.1668479E-004
    4.000000        0.3455691E-002  -0.1985373E-004   0.3577172E-002   0.5992228E-004   0.3455691E-002  -0.1985373E-004
    4.100000        0.3409211E-002  -0.2340072E-004   0.3532095E-002   0.5649237E-004   0.3409211E-002  -0.2340072E-004
    4.200000        0.3363539E-002  -0.2730507E-004   0.3487782E-002   0.5271379E-004   0.3363539E-002  -0.2730507E-004
    4.300000        0.3318636E-002  -0.3154252E-004   0.3444186E-002   0.4861251E-004   0.3318636E-002  -0.3154252E-004
    4.400000        0.3274457E-002  -0.3608573E-004   0.3401261E-002   0.4421746E-004   0.3274457E-002  -0.3608573E-004
    4.500000        0.3230963E-002  -0.4090473E-004   0.3358961E-002   0.3956001E-004   0.3230963E-002  -0.4090473E-004
    4.600000        0.3188112E-002  -0.4596744E-004   0.3317243E-002   0.3467340E-004   0.3188112E-002  -0.4596744E-004
    4.700000        0.3145866E-002  -0.5124030E-004   0.3276065E-002   0.2959217E-004   0.3145866E-002  -0.5124030E-004
    4.800000        0.3104189E-002  -0.5668875E-004   0.3235388E-002   0.2435160E-004   0.3104189E-002  -0.5668875E-004
    4.900000        0.3063045E-002  -0.6227786E-004   0.3195175E-002   0.1898708E-004   0.3063045E-002  -0.6227786E-004
    5.000000        0.3022404E-002  -0.6797283E-004   0.3155392E-002   0.1353365E-004   0.3022404E-002  -0.6797283E-004
    5.100000        0.2982235E-002  -0.7373954E-004   0.3116009E-002   0.8025394E-005   0.2982235E-002  -0.7373954E-004
    5.200000        0.2942512E-002  -0.7954496E-004   0.3076997E-002   0.2495058E-005   0.2942512E-002  -0.7954496E-004
    5.300000        0.2903211E-002  -0.8535766E-004   0.3038330E-002  -0.3026417E-005   0.2903211E-002  -0.8535766E-004
    5.400000        0.2864308E-002  -0.9114814E-004   0.2999986E-002  -0.8510256E-005   0.2864308E-002  -0.9114814E-004
    5.500000        0.2825785E-002  -0.9688921E-004   0.2961943E-002  -0.1393019E-004   0.2825785E-002  -0.9688921E-004
    5.600000        0.2787625E-002  -0.1025563E-003   0.2924185E-002  -0.1926274E-004   0.2787625E-002  -0.1025563E-003
    5.700000        0.2749810E-002  -0.1081278E-003   0.2886696E-002  -0.2448748E-004   0.2749810E-002  -0.1081278E-003
    5.800000        0.2712329E-002  -0.1135851E-003   0.2849460E-002  -0.2958724E-004   0.2712329E-002  -0.1135851E-003
    5.900000        0.2675169E-002  -0.1189131E-003   0.2812468E-002  -0.3454826E-004   0.2675169E-002  -0.1189131E-003
    6.000000        0.2638320E-002  -0.1241001E-003   0.2775707E-002  -0.3936033E-004   0.2638320E-002  -0.1241001E-003
    6.100000        0.2601771E-002  -0.1291380E-003   0.2739169E-002  -0.4401683E-004   0.2601771E-002  -0.1291380E-003
    6.200000        0.2565517E-002  -0.1340223E-003   0.2702846E-002  -0.4851481E-004   0.2565517E-002  -0.1340223E-003
    6.300000        0.2529548E-002  -0.1387523E-003   0.2666732E-002  -0.5285489E-004   0.2529548E-002  -0.1387523E-003
    6.400000        0.2493859E-002  -0.1433308E-003   0.2630820E-002  -0.5704123E-004   0.2493859E-002  -0.1433308E-003
    6.500000        0.2458444E-002  -0.1477640E-003   0.2595105E-002  -0.6108136E-004   0.2458444E-002  -0.1477640E-003
    6.600000        0.2423297E-002  -0.1520617E-003   0.2559582E-002  -0.6498600E-004   0.2423297E-002  -0.1520617E-003
    6.700000        0.2388412E-002  -0.1562367E-003   0.2524247E-002  -0.6876878E-004   0.2388412E-002  -0.1562367E-003
    6.800000        0.2353786E-002  -0.1603044E-003   0.2489094E-002  -0.7244598E-004   0.2353786E-002  -0.1603044E-003
    6.900000        0.2319412E-002  -0.1642830E-003   0.2454121E-002  -0.7603617E-004   0.2319412E-002  -0.1642830E-003
    7.000000        0.2285285E-002  -0.1681927E-003   0.2419322E-002  -0.7955981E-004   0.2285285E-002  -0.1681927E-003
    7.100000        0.2251401E-002  -0.1720555E-003   0.2384695E-002  -0.8303885E-004   0.2251401E-002  -0.1720555E-003
    7.200000        0.2217754E-002  -0.1758946E-003   0.2350235E-002  -0.8649628E-004   0.2217754E-002  -0.1758946E-003
    7.300000        0.2184339E-002  -0.1797342E-003   0.2315939E-002  -0.8995570E-004   0.2184339E-002  -0.1797342E-003
    7.400000        0.2151152E-002  -0.1835987E-003   0.2281804E-002  -0.9344085E-004   0.2151152E-002  -0.1835987E-003
    7.500000        0.2118187E-002  -0.1875126E-003   0.2247827E-002  -0.9697517E-004   0.2118187E-002  -0.1875126E-003
    7.600000        0.2085440E-002  -0.1914999E-003   0.2214004E-002  -0.1005814E-003   0.2085440E-002  -0.1914999E-003
    7.700000        0.2052906E-002  -0.1955834E-003   0.2180335E-002  -0.1042810E-003   0.2052906E-002  -0.1955834E-003
    7.800000        0.2020582E-002  -0.1997850E-003   0.2146817E-002  -0.1080942E-003   0.2020582E-002  -0.1997850E-003
    7.900000        0.1988463E-002  -0.2041246E-003   0.2113448E-002  -0.1120391E-003   0.1988463E-002  -0.2041246E-003
    8.000000        0.1956547E-002  -0.2086204E-003   0.2080230E-002  -0.1161321E-003   0.1956547E-002  -0.2086204E-003
    8.100000        0.1924831E-002  -0.2132884E-003   0.2047162E-002  -0.1203868E-003   0.1924831E-002  -0.2132884E-003
    8.200000        0.1893313E-002  -0.2181419E-003   0.2014245E-002  -0.1248147E-003   0.1893313E-002  -0.2181419E-003
    8.300000        0.1861992E-002  -0.2231919E-003   0.1981482E-002  -0.1294244E-003   0.1861992E-002  -0.2231919E-003
    8.400000        0.1830868E-002  -0.2284466E-003   0.1948876E-002  -0.1342220E-003   0.1830868E-002  -0.2284466E-003
    8.500000        0.1799941E-002  -0.2339117E-003   0.1916431E-002  -0.1392108E-003   0.1799941E-002  -0.2339117E-003
    8.600000        0.1769214E-002  -0.2395899E-003   0.1884154E-002  -0.1443911E-003   0.1769214E-002  -0.2395899E-003
    8.700000        0.1738690E-002  -0.2454813E-003   0.1852050E-002  -0.1497610E-003   0.1738690E-002  -0.2454813E-003
    8.800000        0.1708373E-002  -0.2515833E-003   0.1820130E-002  -0.1553157E-003   0.1708373E-002  -0.2515833E-003
    8.900000        0.1678268E-002  -0.2578908E-003   0.1788401E-002  -0.1610479E-003   0.1678268E-002  -0.2578908E-003
    9.000000        0.1648384E-002  -0.2643962E-003   0.1756876E-002  -0.1669482E-003   0.1648384E-002  -0.2643962E-003
    9.100000        0.1618728E-002  -0.2710896E-003   0.1725569E-002  -0.1730047E-003   0.1618728E-002  -0.2710896E-003
    9.200000        0.1589312E-002  -0.2779591E-003   0.1694493E-002  -0.1792039E-003   0.1589312E-002  -0.2779591E-003
    9.300000        0.1560147E-002  -0.2849907E-003   0.1663665E-002  -0.1855301E-003   0.1560147E-002  -0.2849907E-003
    9.400000        0.1531249E-002  -0.2921686E-003   0.1633104E-002  -0.1919663E-003   0.1531249E-002  -0.2921686E-003
    9.500000        0.1502633E-002  -0.2994757E-003   0.1602831E-002  -0.1984941E-003   0.1502633E-002  -0.2994757E-003
    9.600000        0.1474316E-002  -0.3068933E-003   0.1572867E-002  -0.2050941E-003   0.1474316E-002  -0.3068933E-003
    9.700000        0.1446319E-002  -0.3144017E-003   0.1543236E-002  -0.2117457E-003   0.1446319E-002  -0.3144017E-003
    9.800000        0.1418663E-002  -0.3219806E-003   0.1513963E-002  -0.2184281E-003   0.1418663E-002  -0.3219806E-003
    9.900000        0.1391371E-002  -0.3296089E-003   0.1485074E-002  -0.2251198E-003   0.1391371E-002  -0.3296089E-003
    10.00000        0.1364465E-002  -0.3372651E-003   0.1456598E-002  -0.2317995E-003   0.1364465E-002  -0.3372651E-003
    10.10000        0.1337971E-002  -0.3449277E-003   0.1428561E-002  -0.2384459E-003   0.1337971E-002  -0.3449277E-003
    10.20000        0.1311914E-002  -0.3525753E-003   0.1400993E-002  -0.2450379E-003   0.1311914E-002  -0.3525753E-003
    10.30000        0.1286320E-002  -0.3601871E-003   0.1373923E-002  -0.2515551E-003   0.1286320E-002  -0.3601871E-003
    10.40000        0.1261212E-002  -0.3677425E-003   0.1347377E-002  -0.2579782E-003   0.1261212E-002  -0.3677425E-003
    10.50000        0.1236616E-002  -0.3752222E-003   0.1321383E-002  -0.2642886E-003   0.1236616E-002  -0.3752222E-003
    10.60000        0.1212554E-002  -0.3826077E-003   0.1295966E-002  -0.2704691E-003   0.1212554E-002  -0.3826077E-003
    10.70000        0.1189049E-002  -0.3898818E-003   0.1271150E-002  -0.2765039E-003   0.1189049E-002  -0.3898818E-003
    10.80000        0.1166121E-002  -0.3970289E-003   0.1246958E-002  -0.2823791E-003   0.1166121E-002  -0.3970289E-003
    10.90000        0.1143786E-002  -0.4040351E-003   0.1223408E-002  -0.2880822E-003   0.1143786E-002  -0.4040351E-003
    11.00000        0.1122060E-002  -0.4108883E-003   0.1200516E-002  -0.2936030E-003   0.1122060E-002  -0.4108883E-003
    11.10000        0.1100956E-002  -0.4175783E-003   0.1178296E-002  -0.2989333E-003   0.1100956E-002  -0.4175783E-003
    11.20000        0.1080483E-002  -0.4240969E-003   0.1156758E-002  -0.3040670E-003   0.1080483E-002  -0.4240969E-003
    11.30000        0.1060647E-002  -0.4304384E-003   0.1135909E-002  -0.3090004E-003   0.1060647E-002  -0.4304384E-003
    11.40000        0.1041453E-002  -0.4365989E-003   0.1115754E-002  -0.3137320E-003   0.1041453E-002  -0.4365989E-003
    11.50000        0.1022900E-002  -0.4425768E-003   0.1096292E-002  -0.3182623E-003   0.1022900E-002  -0.4425768E-003
    11.60000        0.1004988E-002  -0.4483726E-003   0.1077522E-002  -0.3225942E-003   0.1004988E-002  -0.4483726E-003
    11.70000        0.9877113E-003  -0.4539887E-003   0.1059438E-002  -0.3267324E-003   0.9877113E-003  -0.4539887E-003
    11.80000        0.9710628E-003  -0.4594296E-003   0.1042034E-002  -0.3306837E-003   0.9710628E-003  -0.4594296E-003
    11.90000        0.9550335E-003  -0.4647012E-003   0.1025298E-002  -0.3344564E-003   0.9550335E-003  -0.4647012E-003
    12.00000        0.9396122E-003  -0.4698113E-003   0.1009220E-002  -0.3380605E-003   0.9396122E-003  -0.4698113E-003
    12.10000        0.9247865E-003  -0.4747687E-003   0.9937855E-003  -0.3415073E-003   0.9247865E-003  -0.4747687E-003
    12.20000        0.9105426E-003  -0.4795839E-003   0.9789800E-003  -0.3448090E-003   0.9105426E-003  -0.4795839E-003
    12.30000        0.8968655E-003  -0.4842680E-003   0.9647880E-003  -0.3479793E-003   0.8968655E-003  -0.4842680E-003
    12.40000        0.8837400E-003  -0.4888333E-003   0.9511930E-003  -0.3510321E-003   0.8837400E-003  -0.4888333E-003
    12.50000        0.8711503E-003  -0.4932929E-003   0.9381785E-003  -0.3539825E-003   0.8711503E-003  -0.4932929E-003
    12.60000        0.8590805E-003  -0.4976603E-003   0.9257277E-003  -0.3568459E-003   0.8590805E-003  -0.4976603E-003
    12.70000        0.8475149E-003  -0.5019497E-003   0.9138241E-003  -0.3596379E-003   0.8475149E-003  -0.5019497E-003
    12.80000        0.8364381E-003  -0.5061754E-003   0.9024516E-003  -0.3623747E-003   0.8364381E-003  -0.5061754E-003
    12.90000        0.8258352E-003  -0.5103522E-003   0.8915946E-003  -0.3650723E-003   0.8258352E-003  -0.5103522E-003
    13.00000        0.8156919E-003  -0.5144946E-003   0.8812383E-003  -0.3677466E-003   0.8156919E-003  -0.5144946E-003
    13.10000        0.8059947E-003  -0.5186169E-003   0.8713684E-003  -0.3704131E-003   0.8059947E-003  -0.5186169E-003
    13.20000        0.7967305E-003  -0.5227330E-003   0.8619717E-003  -0.3730871E-003   0.7967305E-003  -0.5227330E-003
    13.30000        0.7878873E-003  -0.5268560E-003   0.8530356E-003  -0.3757826E-003   0.7878873E-003  -0.5268560E-003
    13.40000        0.7794537E-003  -0.5309981E-003   0.8445483E-003  -0.3785129E-003   0.7794537E-003  -0.5309981E-003
    13.50000        0.7714188E-003  -0.5351701E-003   0.8364988E-003  -0.3812898E-003   0.7714188E-003  -0.5351701E-003
    13.60000        0.7637724E-003  -0.5393813E-003   0.8288767E-003  -0.3841237E-003   0.7637724E-003  -0.5393813E-003
    13.70000        0.7565049E-003  -0.5436393E-003   0.8216722E-003  -0.3870228E-003   0.7565049E-003  -0.5436393E-003
    13.80000        0.7496068E-003  -0.5479496E-003   0.8148757E-003  -0.3899936E-003   0.7496068E-003  -0.5479496E-003
    13.90000        0.7430689E-003  -0.5523153E-003   0.8084781E-003  -0.3930401E-003   0.7430689E-003  -0.5523153E-003
    14.00000        0.7368822E-003  -0.5567375E-003   0.8024703E-003  -0.3961641E-003   0.7368822E-003  -0.5567375E-003
    14.10000        0.7310377E-003  -0.5612144E-003   0.7968432E-003  -0.3993647E-003   0.7310377E-003  -0.5612144E-003
    14.20000        0.7255261E-003  -0.5657420E-003   0.7915876E-003  -0.4026386E-003   0.7255261E-003  -0.5657420E-003
    14.30000        0.7203382E-003  -0.5703137E-003   0.7866941E-003  -0.4059800E-003   0.7203382E-003  -0.5703137E-003
    14.40000        0.7154640E-003  -0.5749204E-003   0.7821530E-003  -0.4093806E-003   0.7154640E-003  -0.5749204E-003
    14.50000        0.7108938E-003  -0.5795507E-003   0.7779542E-003  -0.4128299E-003   0.7108938E-003  -0.5795507E-003
    14.60000        0.7066169E-003  -0.5841912E-003   0.7740871E-003  -0.4163152E-003   0.7066169E-003  -0.5841912E-003
    14.70000        0.7026227E-003  -0.5888267E-003   0.7705407E-003  -0.4198221E-003   0.7026227E-003  -0.5888267E-003
    14.80000        0.6988999E-003  -0.5934402E-003   0.7673035E-003  -0.4233346E-003   0.6988999E-003  -0.5934402E-003
    14.90000        0.6954369E-003  -0.5980135E-003   0.7643636E-003  -0.4268352E-003   0.6954369E-003  -0.5980135E-003
    15.00000        0.6922220E-003  -0.6025274E-003   0.7617086E-003  -0.4303057E-003   0.6922220E-003  -0.6025274E-003
    15.10000        0.6892430E-003  -0.6069618E-003   0.7593259E-003  -0.4337271E-003   0.6892430E-003  -0.6069618E-003
    15.20000        0.6864877E-003  -0.6112962E-003   0.7572026E-003  -0.4370799E-003   0.6864877E-003  -0.6112962E-003
    15.30000        0.6839436E-003  -0.6155100E-003   0.7553256E-003  -0.4403443E-003   0.6839436E-003  -0.6155100E-003
    15.40000        0.6815984E-003  -0.6195824E-003   0.7536815E-003  -0.4435008E-003   0.6815984E-003  -0.6195824E-003
    15.50000        0.6794398E-003  -0.6234931E-003   0.7522575E-003  -0.4465300E-003   0.6794398E-003  -0.6234931E-003
    15.60000        0.6774560E-003  -0.6272221E-003   0.7510405E-003  -0.4494131E-003   0.6774560E-003  -0.6272221E-003
    15.70000        0.6756355E-003  -0.6307499E-003   0.7500180E-003  -0.4521318E-003   0.6756355E-003  -0.6307499E-003
    15.80000        0.6739672E-003  -0.6340583E-003   0.7491781E-003  -0.4546688E-003   0.6739672E-003  -0.6340583E-003
    15.90000        0.6724410E-003  -0.6371296E-003   0.7485095E-003  -0.4570076E-003   0.6724410E-003  -0.6371296E-003
    16.00000        0.6710477E-003  -0.6399478E-003   0.7480017E-003  -0.4591332E-003   0.6710477E-003  -0.6399478E-003
    16.10000        0.6697788E-003  -0.6424981E-003   0.7476455E-003  -0.4610319E-003   0.6697788E-003  -0.6424981E-003
    16.20000        0.6686276E-003  -0.6447676E-003   0.7474325E-003  -0.4626918E-003   0.6686276E-003  -0.6447676E-003
    16.30000        0.6675881E-003  -0.6467451E-003   0.7473560E-003  -0.4641025E-003   0.6675881E-003  -0.6467451E-003
    16.40000        0.6666563E-003  -0.6484215E-003   0.7474103E-003  -0.4652561E-003   0.6666563E-003  -0.6484215E-003
    16.50000        0.6658293E-003  -0.6497902E-003   0.7475914E-003  -0.4661467E-003   0.6658293E-003  -0.6497902E-003
    16.60000        0.6651060E-003  -0.6508469E-003   0.7478967E-003  -0.4667708E-003   0.6651060E-003  -0.6508469E-003
    16.70000        0.6644865E-003  -0.6515898E-003   0.7483250E-003  -0.4671273E-003   0.6644865E-003  -0.6515898E-003
    16.80000        0.6639729E-003  -0.6520199E-003   0.7488766E-003  -0.4672179E-003   0.6639729E-003  -0.6520199E-003
    16.90000        0.6635684E-003  -0.6521408E-003   0.7495531E-003  -0.4670466E-003   0.6635684E-003  -0.6521408E-003
    17.00000        0.6632776E-003  -0.6519584E-003   0.7503574E-003  -0.4666199E-003   0.6632776E-003  -0.6519584E-003
    17.10000        0.6631064E-003  -0.6514815E-003   0.7512936E-003  -0.4659470E-003   0.6631064E-003  -0.6514815E-003
    17.20000        0.6630617E-003  -0.6507209E-003   0.7523665E-003  -0.4650388E-003   0.6630617E-003  -0.6507209E-003
    17.30000        0.6631512E-003  -0.6496897E-003   0.7535818E-003  -0.4639086E-003   0.6631512E-003  -0.6496897E-003
    17.40000        0.6633835E-003  -0.6484027E-003   0.7549457E-003  -0.4625712E-003   0.6633835E-003  -0.6484027E-003
    17.50000        0.6637673E-003  -0.6468761E-003   0.7564648E-003  -0.4610429E-003   0.6637673E-003  -0.6468761E-003
    17.60000        0.6643117E-003  -0.6451274E-003   0.7581459E-003  -0.4593409E-003   0.6643117E-003  -0.6451274E-003
    17.70000        0.6650255E-003  -0.6431748E-003   0.7599953E-003  -0.4574830E-003   0.6650255E-003  -0.6431748E-003
    17.80000        0.6659174E-003  -0.6410368E-003   0.7620191E-003  -0.4554875E-003   0.6659174E-003  -0.6410368E-003
    17.90000        0.6669953E-003  -0.6387322E-003   0.7642229E-003  -0.4533725E-003   0.6669953E-003  -0.6387322E-003
    18.00000        0.6682663E-003  -0.6362789E-003   0.7666113E-003  -0.4511555E-003   0.6682663E-003  -0.6362789E-003
    18.10000        0.6697364E-003  -0.6336945E-003   0.7691878E-003  -0.4488533E-003   0.6697364E-003  -0.6336945E-003
    18.20000        0.6714106E-003  -0.6309955E-003   0.7719547E-003  -0.4464817E-003   0.6714106E-003  -0.6309955E-003
    18.30000        0.6732919E-003  -0.6281970E-003   0.7749128E-003  -0.4440548E-003   0.6732919E-003  -0.6281970E-003
    18.40000        0.6753821E-003  -0.6253124E-003   0.7780613E-003  -0.4415854E-003   0.6753821E-003  -0.6253124E-003
    18.50000        0.6776810E-003  -0.6223539E-003   0.7813978E-003  -0.4390843E-003   0.6776810E-003  -0.6223539E-003
    18.60000        0.6801866E-003  -0.6193314E-003   0.7849182E-003  -0.4365606E-003   0.6801866E-003  -0.6193314E-003
    18.70000        0.6828950E-003  -0.6162533E-003   0.7886163E-003  -0.4340216E-003   0.6828950E-003  -0.6162533E-003
    18.80000        0.6858003E-003  -0.6131260E-003   0.7924844E-003  -0.4314726E-003   0.6858003E-003  -0.6131260E-003
    18.90000        0.6888947E-003  -0.6099545E-003   0.7965127E-003  -0.4289172E-003   0.6888947E-003  -0.6099545E-003
    19.00000        0.6921686E-003  -0.6067419E-003   0.8006899E-003  -0.4263576E-003   0.6921686E-003  -0.6067419E-003
    19.10000        0.6956104E-003  -0.6034899E-003   0.8050029E-003  -0.4237941E-003   0.6956104E-003  -0.6034899E-003
    19.20000        0.6992070E-003  -0.6001991E-003   0.8094370E-003  -0.4212261E-003   0.6992070E-003  -0.6001991E-003
    19.30000        0.7029436E-003  -0.5968689E-003   0.8139764E-003  -0.4186518E-003   0.7029436E-003  -0.5968689E-003
    19.40000        0.7068040E-003  -0.5934980E-003   0.8186036E-003  -0.4160686E-003   0.7068040E-003  -0.5934980E-003
    19.50000        0.7107709E-003  -0.5900844E-003   0.8233005E-003  -0.4134732E-003   0.7107709E-003  -0.5900844E-003
    19.60000        0.7148259E-003  -0.5866254E-003   0.8280477E-003  -0.4108618E-003   0.7148259E-003  -0.5866254E-003
    19.70000        0.7189498E-003  -0.5831183E-003   0.8328255E-003  -0.4082306E-003   0.7189498E-003  -0.5831183E-003
    19.80000        0.7231227E-003  -0.5795604E-003   0.8376135E-003  -0.4055756E-003   0.7231227E-003  -0.5795604E-003
    19.90000        0.7273243E-003  -0.5759487E-003   0.8423910E-003  -0.4028927E-003   0.7273243E-003  -0.5759487E-003
    20.00000        0.7315340E-003  -0.5722807E-003   0.8471374E-003  -0.4001784E-003   0.7315340E-003  -0.5722807E-003
    20.10000        0.7357314E-003  -0.5685541E-003   0.8518319E-003  -0.3974293E-003   0.7357314E-003  -0.5685541E-003
    20.20000        0.7398956E-003  -0.5647671E-003   0.8564540E-003  -0.3946428E-003   0.7398956E-003  -0.5647671E-003
    20.30000        0.7440065E-003  -0.5609183E-003   0.8609836E-003  -0.3918166E-003   0.7440065E-003  -0.5609183E-003
    20.40000        0.7480439E-003  -0.5570069E-003   0.8654010E-003  -0.3889492E-003   0.7480439E-003  -0.5570069E-003
    20.50000        0.7519882E-003  -0.5530327E-003   0.8696869E-003  -0.3860396E-003   0.7519882E-003  -0.5530327E-003
    20.60000        0.7558202E-003  -0.5489960E-003   0.8738226E-003  -0.3830876E-003   0.7558202E-003  -0.5489960E-003
    20.70000        0.7595215E-003  -0.5448976E-003   0.8777904E-003  -0.3800935E-003   0.7595215E-003  -0.5448976E-003
    20.80000        0.7630741E-003  -0.5407388E-003   0.8815730E-003  -0.3770583E-003   0.7630741E-003  -0.5407388E-003
    20.90000        0.7664611E-003  -0.5365215E-003   0.8851543E-003  -0.3739834E-003   0.7664611E-003  -0.5365215E-003
    21.00000        0.7696664E-003  -0.5322481E-003   0.8885189E-003  -0.3708710E-003   0.7696664E-003  -0.5322481E-003
    21.10000        0.7726751E-003  -0.5279212E-003   0.8916530E-003  -0.3677235E-003   0.7726751E-003  -0.5279212E-003
    21.20000        0.7754737E-003  -0.5235441E-003   0.8945438E-003  -0.3645442E-003   0.7754737E-003  -0.5235441E-003
    21.30000        0.7780500E-003  -0.5191205E-003   0.8971802E-003  -0.3613369E-003   0.7780500E-003  -0.5191205E-003
    21.40000        0.7803936E-003  -0.5146549E-003   0.8995528E-003  -0.3581059E-003   0.7803936E-003  -0.5146549E-003
    21.50000        0.7824959E-003  -0.5101523E-003   0.9016540E-003  -0.3548565E-003   0.7824959E-003  -0.5101523E-003
    21.60000        0.7843506E-003  -0.5056185E-003   0.9034785E-003  -0.3515947E-003   0.7843506E-003  -0.5056185E-003
    21.70000        0.7859534E-003  -0.5010601E-003   0.9050230E-003  -0.3483276E-003   0.7859534E-003  -0.5010601E-003
    21.80000        0.7873023E-003  -0.4964850E-003   0.9062865E-003  -0.3450633E-003   0.7873023E-003  -0.4964850E-003
    21.90000        0.7883979E-003  -0.4919018E-003   0.9072706E-003  -0.3418110E-003   0.7883979E-003  -0.4919018E-003
    22.00000        0.7892429E-003  -0.4873204E-003   0.9079792E-003  -0.3385813E-003   0.7892429E-003  -0.4873204E-003
    22.10000        0.7898428E-003  -0.4827519E-003   0.9084183E-003  -0.3353857E-003   0.7898428E-003  -0.4827519E-003
    22.20000        0.7902050E-003  -0.4782087E-003   0.9085965E-003  -0.3322373E-003   0.7902050E-003  -0.4782087E-003
    22.30000        0.7903393E-003  -0.4737041E-003   0.9085243E-003  -0.3291500E-003   0.7903393E-003  -0.4737041E-003
    22.40000        0.7902572E-003  -0.4692525E-003   0.9082143E-003  -0.3261391E-003   0.7902572E-003  -0.4692525E-003
    22.50000        0.7899723E-003  -0.4648692E-003   0.9076806E-003  -0.3232204E-003   0.7899723E-003  -0.4648692E-003
    22.60000        0.7894993E-003  -0.4605704E-003   0.9069389E-003  -0.3204106E-003   0.7894993E-003  -0.4605704E-003
    22.70000        0.7888543E-003  -0.4563724E-003   0.9060059E-003  -0.3177266E-003   0.7888543E-003  -0.4563724E-003
    22.80000        0.7880543E-003  -0.4522919E-003   0.9048996E-003  -0.3151856E-003   0.7880543E-003  -0.4522919E-003
    22.90000        0.7871171E-003  -0.4483456E-003   0.9036381E-003  -0.3128043E-003   0.7871171E-003  -0.4483456E-003
    23.00000        0.7860607E-003  -0.4445494E-003   0.9022404E-003  -0.3105990E-003   0.7860607E-003  -0.4445494E-003
    23.10000        0.7849033E-003  -0.4409187E-003   0.9007253E-003  -0.3085850E-003   0.7849033E-003  -0.4409187E-003
    23.20000        0.7836630E-003  -0.4374674E-003   0.8991114E-003  -0.3067762E-003   0.7836630E-003  -0.4374674E-003
    23.30000        0.7823575E-003  -0.4342078E-003   0.8974172E-003  -0.3051847E-003   0.7823575E-003  -0.4342078E-003
    23.40000        0.7810039E-003  -0.4311503E-003   0.8956601E-003  -0.3038203E-003   0.7810039E-003  -0.4311503E-003
    23.50000        0.7796185E-003  -0.4283024E-003   0.8938572E-003  -0.3026902E-003   0.7796185E-003  -0.4283024E-003
    23.60000        0.7782165E-003  -0.4256689E-003   0.8920239E-003  -0.3017985E-003   0.7782165E-003  -0.4256689E-003
    23.70000        0.7768119E-003  -0.4232511E-003   0.8901750E-003  -0.3011458E-003   0.7768119E-003  -0.4232511E-003
    23.80000        0.7754173E-003  -0.4210466E-003   0.8883232E-003  -0.3007287E-003   0.7754173E-003  -0.4210466E-003
    23.90000        0.7740438E-003  -0.4190488E-003   0.8864801E-003  -0.3005401E-003   0.7740438E-003  -0.4190488E-003
    24.00000        0.7727009E-003  -0.4172470E-003   0.8846556E-003  -0.3005682E-003   0.7727009E-003  -0.4172470E-003
    24.10000        0.7713964E-003  -0.4156263E-003   0.8828576E-003  -0.3007970E-003   0.7713964E-003  -0.4156263E-003
    24.20000        0.7701364E-003  -0.4141672E-003   0.8810926E-003  -0.3012061E-003   0.7701364E-003  -0.4141672E-003
    24.30000        0.7689254E-003  -0.4128461E-003   0.8793652E-003  -0.3017709E-003   0.7689254E-003  -0.4128461E-003
    24.40000        0.7677664E-003  -0.4116354E-003   0.8776787E-003  -0.3024628E-003   0.7677664E-003  -0.4116354E-003
    24.50000        0.7666609E-003  -0.4105038E-003   0.8760347E-003  -0.3032498E-003   0.7666609E-003  -0.4105038E-003
    24.60000        0.7656093E-003  -0.4094170E-003   0.8744336E-003  -0.3040966E-003   0.7656093E-003  -0.4094170E-003
    24.70000        0.7646107E-003  -0.4083379E-003   0.8728749E-003  -0.3049654E-003   0.7646107E-003  -0.4083379E-003
    24.80000        0.7636637E-003  -0.4072275E-003   0.8713569E-003  -0.3058167E-003   0.7636637E-003  -0.4072275E-003
    24.90000        0.7627660E-003  -0.4060454E-003   0.8698776E-003  -0.3066095E-003   0.7627660E-003  -0.4060454E-003
    25.00000        0.7619154E-003  -0.4047507E-003   0.8684348E-003  -0.3073027E-003   0.7619154E-003  -0.4047507E-003
    25.10000        0.7611091E-003  -0.4033028E-003   0.8670258E-003  -0.3078554E-003   0.7611091E-003  -0.4033028E-003
    25.20000        0.7603449E-003  -0.4016619E-003   0.8656483E-003  -0.3082277E-003   0.7603449E-003  -0.4016619E-003
    25.30000        0.7596205E-003  -0.3997897E-003   0.8643002E-003  -0.3083816E-003   0.7596205E-003  -0.3997897E-003
    25.40000        0.7589344E-003  -0.3976506E-003   0.8629798E-003  -0.3082814E-003   0.7589344E-003  -0.3976506E-003
    25.50000        0.7582852E-003  -0.3952118E-003   0.8616860E-003  -0.3078948E-003   0.7582852E-003  -0.3952118E-003
    25.60000        0.7576724E-003  -0.3924441E-003   0.8604183E-003  -0.3071929E-003   0.7576724E-003  -0.3924441E-003
    25.70000        0.7570959E-003  -0.3893223E-003   0.8591766E-003  -0.3061509E-003   0.7570959E-003  -0.3893223E-003
    25.80000        0.7565561E-003  -0.3858258E-003   0.8579614E-003  -0.3047488E-003   0.7565561E-003  -0.3858258E-003
    25.90000        0.7560537E-003  -0.3819387E-003   0.8567735E-003  -0.3029711E-003   0.7560537E-003  -0.3819387E-003
    26.00000        0.7555899E-003  -0.3776503E-003   0.8556140E-003  -0.3008075E-003   0.7555899E-003  -0.3776503E-003
    26.10000        0.7551658E-003  -0.3729547E-003   0.8544844E-003  -0.2982525E-003   0.7551658E-003  -0.3729547E-003
    26.20000        0.7547825E-003  -0.3678516E-003   0.8533856E-003  -0.2953061E-003   0.7547825E-003  -0.3678516E-003
    26.30000        0.7544407E-003  -0.3623456E-003   0.8523187E-003  -0.2919731E-003   0.7544407E-003  -0.3623456E-003
    26.40000        0.7541408E-003  -0.3564461E-003   0.8512840E-003  -0.2882631E-003   0.7541408E-003  -0.3564461E-003
    26.50000        0.7538822E-003  -0.3501675E-003   0.8502814E-003  -0.2841904E-003   0.7538822E-003  -0.3501675E-003
    26.60000        0.7536636E-003  -0.3435283E-003   0.8493095E-003  -0.2797736E-003   0.7536636E-003  -0.3435283E-003
    26.70000        0.7534824E-003  -0.3365512E-003   0.8483660E-003  -0.2750351E-003   0.7534824E-003  -0.3365512E-003
    26.80000        0.7533345E-003  -0.3292622E-003   0.8474472E-003  -0.2700004E-003   0.7533345E-003  -0.3292622E-003
    26.90000        0.7532143E-003  -0.3216905E-003   0.8465477E-003  -0.2646984E-003   0.7532143E-003  -0.3216905E-003
    27.00000        0.7531144E-003  -0.3138675E-003   0.8456605E-003  -0.2591599E-003   0.7531144E-003  -0.3138675E-003
    27.10000        0.7530256E-003  -0.3058268E-003   0.8447768E-003  -0.2534177E-003   0.7530256E-003  -0.3058268E-003
    27.20000        0.7529366E-003  -0.2976031E-003   0.8438857E-003  -0.2475057E-003   0.7529366E-003  -0.2976031E-003
    27.30000        0.7528342E-003  -0.2892318E-003   0.8429746E-003  -0.2414586E-003   0.7528342E-003  -0.2892318E-003
    27.40000        0.7527034E-003  -0.2807489E-003   0.8420289E-003  -0.2353112E-003   0.7527034E-003  -0.2807489E-003
    27.50000        0.7525270E-003  -0.2721896E-003   0.8410323E-003  -0.2290978E-003   0.7525270E-003  -0.2721896E-003
    27.60000        0.7522867E-003  -0.2635887E-003   0.8399669E-003  -0.2228521E-003   0.7522867E-003  -0.2635887E-003
    27.70000        0.7519624E-003  -0.2549796E-003   0.8388135E-003  -0.2166062E-003   0.7519624E-003  -0.2549796E-003
    27.80000        0.7515330E-003  -0.2463943E-003   0.8375519E-003  -0.2103911E-003   0.7515330E-003  -0.2463943E-003
    27.90000        0.7509770E-003  -0.2378627E-003   0.8361613E-003  -0.2042354E-003   0.7509770E-003  -0.2378627E-003
    28.00000        0.7502721E-003  -0.2294126E-003   0.8346206E-003  -0.1981659E-003   0.7502721E-003  -0.2294126E-003
    28.10000        0.7493966E-003  -0.2210696E-003   0.8329088E-003  -0.1922067E-003   0.7493966E-003  -0.2210696E-003
    28.20000        0.7483289E-003  -0.2128564E-003   0.8310058E-003  -0.1863797E-003   0.7483289E-003  -0.2128564E-003
    28.30000        0.7470488E-003  -0.2047936E-003   0.8288922E-003  -0.1807041E-003   0.7470488E-003  -0.2047936E-003
    28.40000        0.7455373E-003  -0.1968987E-003   0.8265506E-003  -0.1751965E-003   0.7455373E-003  -0.1968987E-003
    28.50000        0.7437774E-003  -0.1891867E-003   0.8239651E-003  -0.1698709E-003   0.7437774E-003  -0.1891867E-003
    28.60000        0.7417543E-003  -0.1816703E-003   0.8211222E-003  -0.1647387E-003   0.7417543E-003  -0.1816703E-003
    28.70000        0.7394557E-003  -0.1743594E-003   0.8180112E-003  -0.1598092E-003   0.7394557E-003  -0.1743594E-003
    28.80000        0.7368719E-003  -0.1672617E-003   0.8146239E-003  -0.1550891E-003   0.7368719E-003  -0.1672617E-003
    28.90000        0.7339964E-003  -0.1603829E-003   0.8109553E-003  -0.1505831E-003   0.7339964E-003  -0.1603829E-003
    29.00000        0.7308255E-003  -0.1537267E-003   0.8070032E-003  -0.1462941E-003   0.7308255E-003  -0.1537267E-003
    29.10000        0.7273586E-003  -0.1472949E-003   0.8027687E-003  -0.1422233E-003   0.7273586E-003  -0.1472949E-003
    29.20000        0.7235980E-003  -0.1410882E-003   0.7982557E-003  -0.1383703E-003   0.7235980E-003  -0.1410882E-003
    29.30000        0.7195489E-003  -0.1351058E-003   0.7934710E-003  -0.1347337E-003   0.7195489E-003  -0.1351058E-003
    29.40000        0.7152190E-003  -0.1293459E-003   0.7884239E-003  -0.1313107E-003   0.7152190E-003  -0.1293459E-003
    29.50000        0.7106185E-003  -0.1238060E-003   0.7831262E-003  -0.1280982E-003   0.7106185E-003  -0.1238060E-003
    29.60000        0.7057598E-003  -0.1184827E-003   0.7775918E-003  -0.1250918E-003   0.7057598E-003  -0.1184827E-003
    29.70000        0.7006569E-003  -0.1133725E-003   0.7718362E-003  -0.1222872E-003   0.7006569E-003  -0.1133725E-003
    29.80000        0.6953256E-003  -0.1084713E-003   0.7658767E-003  -0.1196794E-003   0.6953256E-003  -0.1084713E-003
    29.90000        0.6897828E-003  -0.1037747E-003   0.7597316E-003  -0.1172630E-003   0.6897828E-003  -0.1037747E-003
    30.00000        0.6840465E-003  -0.9927815E-004   0.7534202E-003  -0.1150325E-003   0.6840465E-003  -0.9927815E-004
    30.10000        0.6781354E-003  -0.9497701E-004   0.7469625E-003  -0.1129823E-003   0.6781354E-003  -0.9497701E-004
    30.20000        0.6720687E-003  -0.9086639E-004   0.7403787E-003  -0.1111064E-003   0.6720687E-003  -0.9086639E-004
    30.30000        0.6658660E-003  -0.8694118E-004   0.7336896E-003  -0.1093987E-003   0.6658660E-003  -0.8694118E-004
    30.40000        0.6595471E-003  -0.8319608E-004   0.7269161E-003  -0.1078527E-003   0.6595471E-003  -0.8319608E-004
    30.50000        0.6531318E-003  -0.7962546E-004   0.7200787E-003  -0.1064617E-003   0.6531318E-003  -0.7962546E-004
    30.60000        0.6466398E-003  -0.7622335E-004   0.7131983E-003  -0.1052187E-003   0.6466398E-003  -0.7622335E-004
    30.70000        0.6400910E-003  -0.7298331E-004   0.7062952E-003  -0.1041160E-003   0.6400910E-003  -0.7298331E-004
    30.80000        0.6335049E-003  -0.6989842E-004   0.6993898E-003  -0.1031456E-003   0.6335049E-003  -0.6989842E-004
    30.90000        0.6269009E-003  -0.6696117E-004   0.6925018E-003  -0.1022990E-003   0.6269009E-003  -0.6696117E-004
    31.00000        0.6202981E-003  -0.6416339E-004   0.6856508E-003  -0.1015668E-003   0.6202981E-003  -0.6416339E-004
    31.10000        0.6137154E-003  -0.6149623E-004   0.6788561E-003  -0.1009392E-003   0.6137154E-003  -0.6149623E-004
    31.20000        0.6071712E-003  -0.5895007E-004   0.6721362E-003  -0.1004056E-003   0.6071712E-003  -0.5895007E-004
    31.30000        0.6006838E-003  -0.5651454E-004   0.6655093E-003  -0.9995474E-004   0.6006838E-003  -0.5651454E-004
    31.40000        0.5942707E-003  -0.5417846E-004   0.6589929E-003  -0.9957446E-004   0.5942707E-003  -0.5417846E-004
    31.50000        0.5879490E-003  -0.5192989E-004   0.6526037E-003  -0.9925205E-004   0.5879490E-003  -0.5192989E-004
    31.60000        0.5817351E-003  -0.4975614E-004   0.6463576E-003  -0.9897410E-004   0.5817351E-003  -0.4975614E-004
    31.70000        0.5756445E-003  -0.4764386E-004   0.6402697E-003  -0.9872660E-004   0.5756445E-003  -0.4764386E-004
    31.80000        0.5696919E-003  -0.4557915E-004   0.6343536E-003  -0.9849510E-004   0.5696919E-003  -0.4557915E-004
    31.90000        0.5638906E-003  -0.4354775E-004   0.6286219E-003  -0.9826483E-004   0.5638906E-003  -0.4354775E-004
    32.00000        0.5582529E-003  -0.4153517E-004   0.6230856E-003  -0.9802091E-004   0.5582529E-003  -0.4153517E-004
    32.10000        0.5527895E-003  -0.3952701E-004   0.6177542E-003  -0.9774863E-004   0.5527895E-003  -0.3952701E-004
    32.20000        0.5475096E-003  -0.3750924E-004   0.6126353E-003  -0.9743369E-004   0.5475096E-003  -0.3750924E-004
    32.30000        0.5424208E-003  -0.3546854E-004   0.6077348E-003  -0.9706261E-004   0.5424208E-003  -0.3546854E-004
    32.40000        0.5375286E-003  -0.3339266E-004   0.6030565E-003  -0.9662302E-004   0.5375286E-003  -0.3339266E-004
    32.50000        0.5328371E-003  -0.3127083E-004   0.5986021E-003  -0.9610408E-004   0.5328371E-003  -0.3127083E-004
    32.60000        0.5283481E-003  -0.2909408E-004   0.5943714E-003  -0.9549682E-004   0.5283481E-003  -0.2909408E-004
    32.70000        0.5240618E-003  -0.2685566E-004   0.5903619E-003  -0.9479447E-004   0.5240618E-003  -0.2685566E-004
    32.80000        0.5199766E-003  -0.2455125E-004   0.5865692E-003  -0.9399275E-004   0.5199766E-003  -0.2455125E-004
    32.90000        0.5160890E-003  -0.2217920E-004   0.5829870E-003  -0.9309000E-004   0.5160890E-003  -0.2217920E-004
    33.00000        0.5123940E-003  -0.1974061E-004   0.5796070E-003  -0.9208732E-004   0.5123940E-003  -0.1974061E-004
    33.10000        0.5088849E-003  -0.1723930E-004   0.5764194E-003  -0.9098845E-004   0.5088849E-003  -0.1723930E-004
    33.20000        0.5055536E-003  -0.1468168E-004   0.5734127E-003  -0.8979963E-004   0.5055536E-003  -0.1468168E-004
    33.30000        0.5023908E-003  -0.1207645E-004   0.5705740E-003  -0.8852933E-004   0.5023908E-003  -0.1207645E-004
    33.40000        0.4993860E-003  -0.9434318E-005   0.5678894E-003  -0.8718784E-004   0.4993860E-003  -0.9434318E-005
    33.50000        0.4965276E-003  -0.6767532E-005   0.5653437E-003  -0.8578688E-004   0.4965276E-003  -0.6767532E-005
    33.60000        0.4938034E-003  -0.4089479E-005   0.5629214E-003  -0.8433912E-004   0.4938034E-003  -0.4089479E-005
    33.70000        0.4912003E-003  -0.1414221E-005   0.5606059E-003  -0.8285775E-004   0.4912003E-003  -0.1414221E-005
    33.80000        0.4887051E-003   0.1243931E-005   0.5583807E-003  -0.8135602E-004   0.4887051E-003   0.1243931E-005
    33.90000        0.4863041E-003   0.3870809E-005   0.5562291E-003  -0.7984688E-004   0.4863041E-003   0.3870809E-005
    34.00000        0.4839837E-003   0.6452743E-005   0.5541344E-003  -0.7834262E-004   0.4839837E-003   0.6452743E-005
    34.10000        0.4817304E-003   0.8976861E-005   0.5520804E-003  -0.7685465E-004   0.4817304E-003   0.8976861E-005
    34.20000        0.4795310E-003   0.1143136E-004   0.5500513E-003  -0.7539319E-004   0.4795310E-003   0.1143136E-004
    34.30000        0.4773729E-003   0.1380571E-004   0.5480319E-003  -0.7396712E-004   0.4773729E-003   0.1380571E-004
    34.40000        0.4752439E-003   0.1609088E-004   0.5460079E-003  -0.7258386E-004   0.4752439E-003   0.1609088E-004
    34.50000        0.4731325E-003   0.1827948E-004   0.5439656E-003  -0.7124915E-004   0.4731325E-003   0.1827948E-004
    34.60000        0.4710281E-003   0.2036592E-004   0.5418925E-003  -0.6996703E-004   0.4710281E-003   0.2036592E-004
    34.70000        0.4689206E-003   0.2234654E-004   0.5397769E-003  -0.6873969E-004   0.4689206E-003   0.2234654E-004
    34.80000        0.4668009E-003   0.2421971E-004   0.5376080E-003  -0.6756744E-004   0.4668009E-003   0.2421971E-004
    34.90000        0.4646602E-003   0.2598590E-004   0.5353762E-003  -0.6644861E-004   0.4646602E-003   0.2598590E-004
    35.00000        0.4624910E-003   0.2764774E-004   0.5330725E-003  -0.6537959E-004   0.4624910E-003   0.2764774E-004
    35.10000        0.4602860E-003   0.2921001E-004   0.5306893E-003  -0.6435483E-004   0.4602860E-003   0.2921001E-004
    35.20000        0.4580389E-003   0.3067959E-004   0.5282197E-003  -0.6336688E-004   0.4580389E-003   0.3067959E-004
    35.30000        0.4557439E-003   0.3206533E-004   0.5256577E-003  -0.6240659E-004   0.4557439E-003   0.3206533E-004
    35.40000        0.4533956E-003   0.3337787E-004   0.5229985E-003  -0.6146321E-004   0.4533956E-003   0.3337787E-004
    35.50000        0.4509896E-003   0.3462942E-004   0.5202377E-003  -0.6052473E-004   0.4509896E-003   0.3462942E-004
    35.60000        0.4485215E-003   0.3583337E-004   0.5173723E-003  -0.5957815E-004   0.4485215E-003   0.3583337E-004
    35.70000        0.4459878E-003   0.3700398E-004   0.5143996E-003  -0.5860987E-004   0.4459878E-003   0.3700398E-004
    35.80000        0.4433854E-003   0.3815591E-004   0.5113181E-003  -0.5760611E-004   0.4433854E-003   0.3815591E-004
    35.90000        0.4407117E-003   0.3930374E-004   0.5081269E-003  -0.5655338E-004   0.4407117E-003   0.3930374E-004
    36.00000        0.4379647E-003   0.4046151E-004   0.5048260E-003  -0.5543897E-004   0.4379647E-003   0.4046151E-004
    36.10000        0.4351429E-003   0.4164220E-004   0.5014162E-003  -0.5425140E-004   0.4351429E-003   0.4164220E-004
    36.20000        0.4322458E-003   0.4285729E-004   0.4978993E-003  -0.5298087E-004   0.4322458E-003   0.4285729E-004
    36.30000        0.4292736E-003   0.4411636E-004   0.4942779E-003  -0.5161966E-004   0.4292736E-003   0.4411636E-004
    36.40000        0.4262273E-003   0.4542672E-004   0.4905557E-003  -0.5016249E-004   0.4262273E-003   0.4542672E-004
    36.50000        0.4231092E-003   0.4679315E-004   0.4867377E-003  -0.4860672E-004   0.4231092E-003   0.4679315E-004
    36.60000        0.4199225E-003   0.4821775E-004   0.4828297E-003  -0.4695251E-004   0.4199225E-003   0.4821775E-004
    36.70000        0.4166715E-003   0.4969983E-004   0.4788389E-003  -0.4520290E-004   0.4166715E-003   0.4969983E-004
    36.80000        0.4133620E-003   0.5123595E-004   0.4747735E-003  -0.4336373E-004   0.4133620E-003   0.5123595E-004
    36.90000        0.4100005E-003   0.5282004E-004   0.4706428E-003  -0.4144354E-004   0.4100005E-003   0.5282004E-004
    37.00000        0.4065948E-003   0.5444356E-004   0.4664568E-003  -0.3945330E-004   0.4065948E-003   0.5444356E-004
    37.10000        0.4031535E-003   0.5609580E-004   0.4622267E-003  -0.3740614E-004   0.4031535E-003   0.5609580E-004
    37.20000        0.3996860E-003   0.5776418E-004   0.4579639E-003  -0.3531702E-004   0.3996860E-003   0.5776418E-004
    37.30000        0.3962021E-003   0.5943462E-004   0.4536802E-003  -0.3320231E-004   0.3962021E-003   0.5943462E-004
    37.40000        0.3927119E-003   0.6109189E-004   0.4493877E-003  -0.3107937E-004   0.3927119E-003   0.6109189E-004
    37.50000        0.3892257E-003   0.6272007E-004   0.4450980E-003  -0.2896618E-004   0.3892257E-003   0.6272007E-004
    37.60000        0.3857533E-003   0.6430290E-004   0.4408225E-003  -0.2688087E-004   0.3857533E-003   0.6430290E-004
    37.70000        0.3823040E-003   0.6582419E-004   0.4365718E-003  -0.2484135E-004   0.3823040E-003   0.6582419E-004
    37.80000        0.3788866E-003   0.6726814E-004   0.4323553E-003  -0.2286493E-004   0.3788866E-003   0.6726814E-004
    37.90000        0.3755086E-003   0.6861971E-004   0.4281812E-003  -0.2096802E-004   0.3755086E-003   0.6861971E-004
    38.00000        0.3721763E-003   0.6986484E-004   0.4240565E-003  -0.1916582E-004   0.3721763E-003   0.6986484E-004
    38.10000        0.3688944E-003   0.7099074E-004   0.4199860E-003  -0.1747211E-004   0.3688944E-003   0.7099074E-004
    38.20000        0.3656661E-003   0.7198601E-004   0.4159729E-003  -0.1589909E-004   0.3656661E-003   0.7198601E-004
    38.30000        0.3624927E-003   0.7284079E-004   0.4120185E-003  -0.1445727E-004   0.3624927E-003   0.7284079E-004
    38.40000        0.3593738E-003   0.7354683E-004   0.4081219E-003  -0.1315540E-004   0.3593738E-003   0.7354683E-004
    38.50000        0.3563069E-003   0.7409750E-004   0.4042802E-003  -0.1200047E-004   0.3563069E-003   0.7409750E-004
    38.60000        0.3532877E-003   0.7448776E-004   0.4004884E-003  -0.1099773E-004   0.3532877E-003   0.7448776E-004
    38.70000        0.3503101E-003   0.7471412E-004   0.3967398E-003  -0.1015084E-004   0.3503101E-003   0.7471412E-004
    38.80000        0.3473662E-003   0.7477449E-004   0.3930256E-003  -0.9461909E-005   0.3473662E-003   0.7477449E-004
    38.90000        0.3444466E-003   0.7466814E-004   0.3893356E-003  -0.8931661E-005   0.3444466E-003   0.7466814E-004
    39.00000        0.3415405E-003   0.7439546E-004   0.3856580E-003  -0.8559604E-005   0.3415405E-003   0.7439546E-004
    39.10000        0.3386360E-003   0.7395789E-004   0.3819801E-003  -0.8344177E-005   0.3386360E-003   0.7395789E-004
    39.20000        0.3357203E-003   0.7335774E-004   0.3782882E-003  -0.8282922E-005   0.3357203E-003   0.7335774E-004
    39.30000        0.3327800E-003   0.7259804E-004   0.3745679E-003  -0.8372643E-005   0.3327800E-003   0.7259804E-004
    39.40000        0.3298015E-003   0.7168239E-004   0.3708048E-003  -0.8609559E-005   0.3298015E-003   0.7168239E-004
    39.50000        0.3267710E-003   0.7061487E-004   0.3669843E-003  -0.8989436E-005   0.3267710E-003   0.7061487E-004
    39.60000        0.3236750E-003   0.6939988E-004   0.3630924E-003  -0.9507710E-005   0.3236750E-003   0.6939988E-004
    39.70000        0.3205007E-003   0.6804209E-004   0.3591155E-003  -0.1015958E-004   0.3205007E-003   0.6804209E-004
    39.80000        0.3172359E-003   0.6654635E-004   0.3550410E-003  -0.1094011E-004   0.3172359E-003   0.6654635E-004
    39.90000        0.3138696E-003   0.6491763E-004   0.3508575E-003  -0.1184424E-004   0.3138696E-003   0.6491763E-004
    40.00000        0.3103919E-003   0.6316098E-004   0.3465548E-003  -0.1286689E-004   0.3103919E-003   0.6316098E-004
    40.10000        0.3067943E-003   0.6128152E-004   0.3421241E-003  -0.1400293E-004   0.3067943E-003   0.6128152E-004
    40.20000        0.3030699E-003   0.5928442E-004   0.3375585E-003  -0.1524721E-004   0.3030699E-003   0.5928442E-004
    40.30000        0.2992132E-003   0.5717490E-004   0.3328525E-003  -0.1659456E-004   0.2992132E-003   0.5717490E-004
    40.40000        0.2952206E-003   0.5495824E-004   0.3280025E-003  -0.1803975E-004   0.2952206E-003   0.5495824E-004
    40.50000        0.2910898E-003   0.5263979E-004   0.3230064E-003  -0.1957752E-004   0.2910898E-003   0.5263979E-004
    40.60000        0.2868204E-003   0.5022501E-004   0.3178640E-003  -0.2120251E-004   0.2868204E-003   0.5022501E-004
    40.70000        0.2824134E-003   0.4771943E-004   0.3125765E-003  -0.2290929E-004   0.2824134E-003   0.4771943E-004
    40.80000        0.2778714E-003   0.4512874E-004   0.3071469E-003  -0.2469229E-004   0.2778714E-003   0.4512874E-004
    40.90000        0.2731982E-003   0.4245871E-004   0.3015793E-003  -0.2654586E-004   0.2731982E-003   0.4245871E-004
    41.00000        0.2683992E-003   0.3971524E-004   0.2958794E-003  -0.2846423E-004   0.2683992E-003   0.3971524E-004
    41.10000        0.2634808E-003   0.3690434E-004   0.2900542E-003  -0.3044155E-004   0.2634808E-003   0.3690434E-004
    41.20000        0.2584505E-003   0.3403213E-004   0.2841116E-003  -0.3247190E-004   0.2584505E-003   0.3403213E-004
    41.30000        0.2533169E-003   0.3110477E-004   0.2780608E-003  -0.3454932E-004   0.2533169E-003   0.3110477E-004
    41.40000        0.2480896E-003   0.2812848E-004   0.2719117E-003  -0.3666786E-004   0.2480896E-003   0.2812848E-004
    41.50000        0.2427788E-003   0.2510949E-004   0.2656753E-003  -0.3882159E-004   0.2427788E-003   0.2510949E-004
    41.60000        0.2373955E-003   0.2205398E-004   0.2593631E-003  -0.4100470E-004   0.2373955E-003   0.2205398E-004
    41.70000        0.2319510E-003   0.1896806E-004   0.2529872E-003  -0.4321150E-004   0.2319510E-003   0.1896806E-004
    41.80000        0.2264572E-003   0.1585767E-004   0.2465602E-003  -0.4543651E-004   0.2264572E-003   0.1585767E-004
    41.90000        0.2209262E-003   0.1272859E-004   0.2400950E-003  -0.4767448E-004   0.2209262E-003   0.1272859E-004
    42.00000        0.2153702E-003   0.9586317E-005   0.2336047E-003  -0.4992047E-004   0.2153702E-003   0.9586317E-005
    42.10000        0.2098014E-003   0.6436032E-005   0.2271024E-003  -0.5216991E-004   0.2098014E-003   0.6436032E-005
    42.20000        0.2042318E-003   0.3282521E-005   0.2206011E-003  -0.5441864E-004   0.2042318E-003   0.3282521E-005
    42.30000        0.1986733E-003   0.1301187E-006   0.2141138E-003  -0.5666299E-004   0.1986733E-003   0.1301187E-006
    42.40000        0.1931373E-003  -0.3017347E-005   0.2076531E-003  -0.5889980E-004   0.1931373E-003  -0.3017347E-005
    42.50000        0.1876350E-003  -0.6156606E-005   0.2012311E-003  -0.6112646E-004   0.1876350E-003  -0.6156606E-005
    42.60000        0.1821771E-003  -0.9284978E-005   0.1948599E-003  -0.6334097E-004   0.1821771E-003  -0.9284978E-005
    42.70000        0.1767738E-003  -0.1240040E-004   0.1885508E-003  -0.6554193E-004   0.1767738E-003  -0.1240040E-004
    42.80000        0.1714346E-003  -0.1550141E-004   0.1823147E-003  -0.6772855E-004   0.1714346E-003  -0.1550141E-004
    42.90000        0.1661687E-003  -0.1858719E-004   0.1761617E-003  -0.6990066E-004   0.1661687E-003  -0.1858719E-004
    43.00000        0.1609844E-003  -0.2165749E-004   0.1701016E-003  -0.7205863E-004   0.1609844E-003  -0.2165749E-004
    43.10000        0.1558894E-003  -0.2471262E-004   0.1641431E-003  -0.7420340E-004   0.1558894E-003  -0.2471262E-004
    43.20000        0.1508905E-003  -0.2775338E-004   0.1582941E-003  -0.7633639E-004   0.1508905E-003  -0.2775338E-004
    43.30000        0.1459938E-003  -0.3078103E-004   0.1525618E-003  -0.7845946E-004   0.1459938E-003  -0.3078103E-004
    43.40000        0.1412042E-003  -0.3379720E-004   0.1469522E-003  -0.8057485E-004   0.1412042E-003  -0.3379720E-004
    43.50000        0.1365260E-003  -0.3680380E-004   0.1414702E-003  -0.8268508E-004   0.1365260E-003  -0.3680380E-004
    43.60000        0.1319619E-003  -0.3980301E-004   0.1361196E-003  -0.8479293E-004   0.1319619E-003  -0.3980301E-004
    43.70000        0.1275136E-003  -0.4279712E-004   0.1309026E-003  -0.8690134E-004   0.1275136E-003  -0.4279712E-004
    43.80000        0.1231815E-003  -0.4578852E-004   0.1258202E-003  -0.8901333E-004   0.1231815E-003  -0.4578852E-004
    43.90000        0.1189648E-003  -0.4877963E-004   0.1208720E-003  -0.9113201E-004   0.1189648E-003  -0.4877963E-004
    44.00000        0.1148607E-003  -0.5177283E-004   0.1160558E-003  -0.9326045E-004   0.1148607E-003  -0.5177283E-004
    44.10000        0.1108655E-003  -0.5477040E-004   0.1113680E-003  -0.9540174E-004   0.1108655E-003  -0.5477040E-004
    44.20000        0.1069737E-003  -0.5777459E-004   0.1068034E-003  -0.9755889E-004   0.1069737E-003  -0.5777459E-004
    44.30000        0.1031781E-003  -0.6078752E-004   0.1023549E-003  -0.9973493E-004   0.1031781E-003  -0.6078752E-004
    44.40000        0.9947011E-004  -0.6381127E-004   0.9801411E-004  -0.1019329E-003   0.9947011E-004  -0.6381127E-004
    44.50000        0.9583963E-004  -0.6684786E-004   0.9377093E-004  -0.1041557E-003   0.9583963E-004  -0.6684786E-004
    44.60000        0.9227504E-004  -0.6989938E-004   0.8961382E-004  -0.1064066E-003   0.9227504E-004  -0.6989938E-004
    44.70000        0.8876337E-004  -0.7296799E-004   0.8552986E-004  -0.1086889E-003   0.8876337E-004  -0.7296799E-004
    44.80000        0.8529039E-004  -0.7605607E-004   0.8150493E-004  -0.1110062E-003   0.8529039E-004  -0.7605607E-004
    44.90000        0.8184078E-004  -0.7916623E-004   0.7752382E-004  -0.1133624E-003   0.8184078E-004  -0.7916623E-004
    45.00000        0.7839830E-004  -0.8230147E-004   0.7357048E-004  -0.1157618E-003   0.7839830E-004  -0.8230147E-004
    45.10000        0.7494602E-004  -0.8546521E-004   0.6962824E-004  -0.1182091E-003   0.7494602E-004  -0.8546521E-004
    45.20000        0.7146651E-004  -0.8866136E-004   0.6568002E-004  -0.1207098E-003   0.7146651E-004  -0.8866136E-004
    45.30000        0.6794214E-004  -0.9189437E-004   0.6170862E-004  -0.1232698E-003   0.6794214E-004  -0.9189437E-004
    45.40000        0.6435534E-004  -0.9516923E-004   0.5769700E-004  -0.1258953E-003   0.6435534E-004  -0.9516923E-004
    45.50000        0.6068884E-004  -0.9849148E-004   0.5362852E-004  -0.1285934E-003   0.6068884E-004  -0.9849148E-004
    45.60000        0.5692596E-004  -0.1018671E-003   0.4948727E-004  -0.1313714E-003   0.5692596E-004  -0.1018671E-003
    45.70000        0.5305088E-004  -0.1053026E-003   0.4525825E-004  -0.1342371E-003   0.5305088E-004  -0.1053026E-003
    45.80000        0.4904886E-004  -0.1088047E-003   0.4092766E-004  -0.1371984E-003   0.4904886E-004  -0.1088047E-003
    45.90000        0.4490647E-004  -0.1123801E-003   0.3648305E-004  -0.1402631E-003   0.4490647E-004  -0.1123801E-003
    46.00000        0.4061173E-004  -0.1160357E-003   0.3191354E-004  -0.1434391E-003   0.4061173E-004  -0.1160357E-003
    46.10000        0.3615427E-004  -0.1197780E-003   0.2720987E-004  -0.1467336E-003   0.3615427E-004  -0.1197780E-003
    46.20000        0.3152545E-004  -0.1236131E-003   0.2236452E-004  -0.1501532E-003   0.3152545E-004  -0.1236131E-003
    46.30000        0.2671835E-004  -0.1275460E-003   0.1737176E-004  -0.1537036E-003   0.2671835E-004  -0.1275460E-003
    46.40000        0.2172785E-004  -0.1315812E-003   0.1222761E-004  -0.1573893E-003   0.2172785E-004  -0.1315812E-003
    46.50000        0.1655058E-004  -0.1357215E-003   0.6929823E-005  -0.1612133E-003   0.1655058E-004  -0.1357215E-003
    46.60000        0.1118487E-004  -0.1399683E-003   0.1477841E-005  -0.1651766E-003   0.1118487E-004  -0.1399683E-003
    46.70000        0.5630672E-005  -0.1443210E-003  -0.4127320E-005  -0.1692785E-003   0.5630672E-005  -0.1443210E-003
    46.80000       -0.1105323E-006  -0.1487773E-003  -0.9883164E-005  -0.1735162E-003  -0.1105323E-006  -0.1487773E-003
    46.90000       -0.6035865E-005  -0.1533325E-003  -0.1578585E-004  -0.1778841E-003  -0.6035865E-005  -0.1533325E-003
    47.00000       -0.1214120E-004  -0.1579799E-003  -0.2183036E-004  -0.1823749E-003  -0.1214120E-004  -0.1579799E-003
    47.10000       -0.1842132E-004  -0.1627106E-003  -0.2801064E-004  -0.1869786E-003  -0.1842132E-004  -0.1627106E-003
    47.20000       -0.2487011E-004  -0.1675135E-003  -0.3431982E-004  -0.1916831E-003  -0.2487011E-004  -0.1675135E-003
    47.30000       -0.3148078E-004  -0.1723757E-003  -0.4075045E-004  -0.1964743E-003  -0.3148078E-004  -0.1723757E-003
    47.40000       -0.3824600E-004  -0.1772829E-003  -0.4729464E-004  -0.2013367E-003  -0.3824600E-004  -0.1772829E-003
    47.50000       -0.4515818E-004  -0.1822194E-003  -0.5394436E-004  -0.2062532E-003  -0.4515818E-004  -0.1822194E-003
    47.60000       -0.5220958E-004  -0.1871689E-003  -0.6069155E-004  -0.2112060E-003  -0.5220958E-004  -0.1871689E-003
    47.70000       -0.5939246E-004  -0.1921144E-003  -0.6752830E-004  -0.2161768E-003  -0.5939246E-004  -0.1921144E-003
    47.80000       -0.6669920E-004  -0.1970392E-003  -0.7444698E-004  -0.2211474E-003  -0.6669920E-004  -0.1970392E-003
    47.90000       -0.7412235E-004  -0.2019270E-003  -0.8144024E-004  -0.2260996E-003  -0.7412235E-004  -0.2019270E-003
    48.00000       -0.8165460E-004  -0.2067623E-003  -0.8850107E-004  -0.2310164E-003  -0.8165460E-004  -0.2067623E-003
    48.10000       -0.8928876E-004  -0.2115305E-003  -0.9562267E-004  -0.2358816E-003  -0.8928876E-004  -0.2115305E-003
    48.20000       -0.9701763E-004  -0.2162187E-003  -0.1027984E-003  -0.2406804E-003  -0.9701763E-004  -0.2162187E-003
    48.30000       -0.1048339E-003  -0.2208155E-003  -0.1100217E-003  -0.2453996E-003  -0.1048339E-003  -0.2208155E-003
    48.40000       -0.1127300E-003  -0.2253111E-003  -0.1172856E-003  -0.2500277E-003  -0.1127300E-003  -0.2253111E-003
    48.50000       -0.1206977E-003  -0.2296981E-003  -0.1245830E-003  -0.2545554E-003  -0.1206977E-003  -0.2296981E-003
    48.60000       -0.1287284E-003  -0.2339706E-003  -0.1319060E-003  -0.2589750E-003  -0.1287284E-003  -0.2339706E-003
    48.70000       -0.1368124E-003  -0.2381251E-003  -0.1392463E-003  -0.2632811E-003  -0.1368124E-003  -0.2381251E-003
    48.80000       -0.1449392E-003  -0.2421602E-003  -0.1465942E-003  -0.2674706E-003  -0.1449392E-003  -0.2421602E-003
    48.90000       -0.1530970E-003  -0.2460765E-003  -0.1539392E-003  -0.2715421E-003  -0.1530970E-003  -0.2460765E-003
    49.00000       -0.1612728E-003  -0.2498767E-003  -0.1612696E-003  -0.2754968E-003  -0.1612728E-003  -0.2498767E-003
    49.10000       -0.1694524E-003  -0.2535654E-003  -0.1685725E-003  -0.2793375E-003  -0.1694524E-003  -0.2535654E-003
    49.20000       -0.1776202E-003  -0.2571491E-003  -0.1758336E-003  -0.2830692E-003  -0.1776202E-003  -0.2571491E-003
    49.30000       -0.1857593E-003  -0.2606363E-003  -0.1830376E-003  -0.2866985E-003  -0.1857593E-003  -0.2606363E-003
    49.40000       -0.1938521E-003  -0.2640366E-003  -0.1901680E-003  -0.2902339E-003  -0.1938521E-003  -0.2640366E-003
    49.50000       -0.2018794E-003  -0.2673610E-003  -0.1972076E-003  -0.2936849E-003  -0.2018794E-003  -0.2673610E-003
    49.60000       -0.2098217E-003  -0.2706218E-003  -0.2041383E-003  -0.2970625E-003  -0.2098217E-003  -0.2706218E-003
    49.70000       -0.2176587E-003  -0.2738316E-003  -0.2109414E-003  -0.3003780E-003  -0.2176587E-003  -0.2738316E-003
    49.80000       -0.2253697E-003  -0.2770036E-003  -0.2175980E-003  -0.3036436E-003  -0.2253697E-003  -0.2770036E-003
    49.90000       -0.2329339E-003  -0.2801507E-003  -0.2240890E-003  -0.3068710E-003  -0.2329339E-003  -0.2801507E-003
